length of circle data is  22
circle data is  [[  5.10000000e+01   5.60000000e+01   5.20000000e+01   5.80000000e+01
    5.10000000e+01   5.10000000e+01   5.10000000e+01   5.20000000e+01
    4.80000000e+01   4.70000000e+01   4.90000000e+01   4.60000000e+01
    5.00000000e+01   5.10000000e+01   5.20000000e+01   5.40000000e+01
    4.60000000e+01   4.80000000e+01   4.80000000e+01   5.60000000e+01
    4.90000000e+01   5.20000000e+01   5.20000000e+01   4.70000000e+01
    5.30000000e+01   4.90000000e+01   5.20000000e+01   5.50000000e+01
    4.60000000e+01   5.20000000e+01   5.00000000e+01   4.90000000e+01
    5.20000000e+01]
 [ -3.00000000e+01  -3.78888889e+01  -2.77058824e+01  -5.03157895e+01
   -4.35294118e+01  -3.48235294e+01  -1.13529412e+01   2.36470588e+01
   -2.33125000e+01  -1.33333333e+00   3.96875000e+01   4.96666667e+01
    3.61875000e+01  -6.99411765e+01  -2.15294118e+01  -9.90000000e+01
   -3.23333333e+01  -9.57500000e+01  -8.60625000e+01  -4.80000000e+01
   -6.19375000e+01  -8.15294118e+01  -8.02352941e+01  -7.34666667e+01
   -3.49411765e+01  -7.24375000e+01  -4.65294118e+01   4.05000000e+01
    8.26666667e+00   3.76470588e+00   7.25000000e+00   1.74375000e+01
   -2.18823529e+01]
 [  1.88235294e+00  -1.02777778e+01  -5.58823529e+00  -2.44736842e+01
   -1.36470588e+01  -1.72352941e+01  -1.70000000e+01  -3.45882353e+01
   -1.74375000e+01   2.73333333e+00  -3.84375000e+01  -1.06666667e+00
   -3.44375000e+01  -5.41176471e+00  -1.52352941e+01  -2.10555556e+01
   -3.75333333e+01  -5.47500000e+01  -5.78750000e+01  -1.49444444e+01
   -8.62500000e+00  -4.06470588e+01  -7.12352941e+01  -7.79333333e+01
   -3.08235294e+01  -6.46250000e+01  -6.51764706e+01  -3.10555556e+01
   -2.96666667e+01  -4.76470588e+01  -4.11250000e+01  -1.60000000e+01
   -6.34705882e+01]
 [  3.88823529e+01   2.80000000e+01   4.80000000e+01   3.48000000e+01
    3.04705882e+01   3.38823529e+01   4.26470588e+01   6.62777778e+01
    1.15625000e+01   6.75294118e+01   8.38823529e+01   8.60625000e+01
    7.83888889e+01   1.22352941e+01   2.21666667e+01  -1.76111111e+01
    2.80625000e+01  -2.47500000e+01  -2.45625000e+01  -1.35000000e+01
   -5.27647059e+01  -3.45000000e+01  -4.59444444e+01  -5.07647059e+01
    3.40526316e+01  -3.47058824e+00   1.61666667e+01   4.00526316e+01
    3.48125000e+01   2.41666667e+01   4.23888889e+01   3.47647059e+01
    3.22777778e+01]
 [  1.50332964e+01   1.19158573e+01   1.79730671e+01   1.29657550e+01
    1.42709810e+01   6.86196074e+00   1.86198540e+01   2.16711822e+01
    5.06467160e+01   3.10283025e+01   4.09660206e+01   3.17125983e+01
    3.13572534e+01   2.87493644e+01   2.54445594e+01   9.18331821e+00
    1.99287620e+01   1.98194980e+01   1.24120342e+01   1.42009389e+01
    2.56087601e+01   1.76772291e+01   1.44569520e+01   7.50880964e+00
    1.12849227e+01   1.19737669e+01   1.48328635e+01   3.38251222e+01
    3.39459701e+01   3.38100740e+01   3.70919466e+01   2.78701649e+01
    2.21249988e+01]
 [  3.96749771e+01   3.64338145e+01   4.60026327e+01   4.94797869e+01
    4.21648602e+01   4.06412271e+01   2.97697043e+01   1.84073477e+01
    3.99905751e+01   3.75170480e+01   4.10532714e+01   4.68208880e+01
    3.54488518e+01   5.11296608e+01   4.60172978e+01   5.21871336e+01
    3.38208351e+01   3.26620958e+01   2.97486869e+01   3.60254111e+01
    3.80934296e+01   3.70277180e+01   3.70111738e+01   3.85961426e+01
    4.04376576e+01   4.16441397e+01   3.64485702e+01   4.45377146e+01
    3.10733898e+01   4.95199795e+01   3.49640440e+01   3.91998087e+01
    3.56933305e+01]
 [  3.08580857e+01   2.98261630e+01   2.63206721e+01   2.85720143e+01
    2.05687303e+01   2.41682396e+01   2.47741354e+01   1.58703272e+01
    2.80868491e+01   4.04999893e+01   2.65327375e+01   5.48127138e+01
    5.53776318e+01   3.36950501e+01   4.07461655e+01   4.79966884e+01
    2.04158907e+01   2.48231243e+01   2.24693367e+01   5.35700476e+01
    4.96002009e+01   3.54059788e+01   1.85336697e+01   2.62219697e+01
    3.08160479e+01   2.43579137e+01   1.78582381e+01   4.92699051e+01
    2.37123880e+01   4.71772662e+01   2.93279141e+01   4.66053890e+01
    3.79382621e+01]
 [ -1.74117647e+01  -7.27777778e+00  -9.58823529e+00   5.54210526e+01
    1.17470588e+02   8.37058824e+01  -1.75882353e+02  -1.28529412e+02
   -2.74562500e+02  -3.16133333e+02  -1.63187500e+02  -1.50666667e+02
   -5.28125000e+01   2.57882353e+02   2.43764706e+02   9.15555556e+01
   -2.94800000e+02  -1.99000000e+02  -1.83625000e+02   6.37222222e+01
    5.45625000e+01   2.68941176e+02   2.86470588e+02   2.90733333e+02
    3.00000000e+02   2.70062500e+02   2.61411765e+02  -9.74444444e+01
   -1.30266667e+02  -1.11411765e+02  -8.60625000e+01  -1.19687500e+02
   -1.77411765e+02]
 [  1.04294118e+02   9.07777778e+01   1.08764706e+02   1.32789474e+02
    1.90882353e+02   1.47411765e+02   8.41176471e+00   1.05882353e+01
   -2.10500000e+02  -1.40133333e+02  -2.14812500e+02  -2.20266667e+02
   -1.70062500e+02   2.16647059e+02   2.35058824e+02   1.92777778e+02
   -1.79600000e+02  -3.41250000e+01  -2.93125000e+01   1.72833333e+02
    2.85687500e+02   2.38941176e+02   1.83117647e+02   1.30466667e+02
    1.86529412e+02   7.80625000e+01   5.26470588e+01  -1.47166667e+02
   -2.16866667e+02  -2.06764706e+02  -2.07937500e+02  -2.06500000e+02
   -1.99882353e+02]
 [ -2.58823529e+01  -2.24500000e+01  -1.48333333e+01   5.16000000e+01
    1.16000000e+02   7.81176471e+01  -1.36705882e+02  -1.26555556e+02
   -2.96437500e+02  -3.17176471e+02  -2.14058824e+02  -2.43562500e+02
   -1.06277778e+02   3.11294118e+02   2.74777778e+02   8.01666667e+01
   -3.46625000e+02  -2.28000000e+02  -2.34125000e+02   1.08300000e+02
    1.38882353e+02   2.95444444e+02   3.10444444e+02   3.21470588e+02
    3.26263158e+02   2.69058824e+02   2.52888889e+02  -1.38631579e+02
   -2.62187500e+02  -2.03000000e+02  -1.81777778e+02  -1.79235294e+02
   -2.92722222e+02]
 [  5.83912351e+01   5.18564317e+01   8.20509589e+01   4.67235045e+01
    8.04831861e+01   6.62666314e+01   1.14898872e+02   1.08877761e+02
    1.89051239e+02   1.19070773e+02   1.27820782e+02   1.38060695e+02
    6.67122728e+01   1.66997317e+02   1.54112079e+02   7.65703904e+01
    9.39859564e+01   5.92558014e+01   7.70291138e+01   6.52829785e+01
    6.39902031e+01   1.08661087e+02   9.97267547e+01   1.69629190e+02
    9.02864722e+01   1.25677399e+02   6.43456281e+01   7.93327887e+01
    9.83751098e+01   7.68788649e+01   1.21562468e+02   1.14869882e+02
    1.17876834e+02]
 [  3.28987121e+01   2.81218688e+01   3.01769866e+01   6.06296601e+01
    8.24955488e+01   6.73420233e+01   4.90654531e+01   6.92634008e+01
    1.14187893e+02   1.41207586e+02   9.68066493e+01   1.43863114e+02
    1.09422043e+02   1.06447966e+02   1.35506662e+02   3.85235218e+01
    1.07635682e+02   6.70735371e+01   8.08298512e+01   9.81943934e+01
    2.86415754e+01   1.35318566e+02   1.28931301e+02   8.97699777e+01
    1.27083630e+02   8.33242677e+01   6.89824711e+01   9.63842138e+01
    1.23616000e+02   9.71236504e+01   8.35280408e+01   1.14609664e+02
    1.26250397e+02]
 [  4.86595403e+01   3.91515964e+01   5.53787464e+01   5.20292226e+01
    7.04072189e+01   7.66373295e+01   1.07219821e+02   9.14659756e+01
    1.30459270e+02   1.48093069e+02   6.59371096e+01   1.25257220e+02
    6.63926080e+01   1.06851609e+02   1.16646453e+02   5.02684460e+01
    8.42925523e+01   9.36055554e+01   7.29545021e+01   6.93967578e+01
    6.71914581e+01   9.05570552e+01   1.00740714e+02   7.31293115e+01
    9.03867958e+01   7.16941794e+01   7.50502712e+01   6.12451592e+01
    9.31948354e+01   7.09350250e+01   7.30080327e+01   8.44738243e+01
    7.55570466e+01]
 [  2.68941176e+02   2.66000000e+02   2.68176471e+02   2.68105263e+02
    2.54176471e+02   2.68058824e+02   2.34529412e+02   2.85294118e+02
    8.87500000e+00  -3.08666667e+01  -2.26000000e+02  -2.36000000e+02
   -2.79312500e+02  -7.34705882e+01   1.66529412e+02   2.12944444e+02
    9.53333333e+00   1.46937500e+02   1.85250000e+02   2.57611111e+02
    1.03562500e+02   5.32941176e+01  -2.72352941e+01  -1.26666667e+01
    6.88823529e+01  -1.29250000e+02  -1.56000000e+02  -2.61388889e+02
   -2.52533333e+02  -2.34941176e+02  -2.44250000e+02  -2.45187500e+02
   -2.16176471e+02]
 [  2.04705882e+02   2.10500000e+02   2.01411765e+02   1.53631579e+02
    1.27117647e+02   1.50588235e+02   1.60823529e+02   1.40705882e+02
    1.44625000e+02   1.04000000e+02  -3.45625000e+01  -2.69333333e+01
   -1.25562500e+02  -1.45000000e+02   1.18823529e+01   1.77833333e+02
    7.86000000e+01   2.01812500e+02   1.80000000e+02   1.59111111e+02
    1.91187500e+02  -5.69411765e+01  -8.45882353e+01  -1.46933333e+02
   -2.42352941e+01  -1.72062500e+02  -1.34647059e+02  -1.30611111e+02
   -5.18666667e+01  -8.45294118e+01  -1.16875000e+02  -1.13000000e+02
   -2.27647059e+01]
 [  3.02647059e+02   3.01700000e+02   3.21500000e+02   2.94650000e+02
    2.97470588e+02   3.09117647e+02   2.91058824e+02   2.97111111e+02
    3.51250000e+01   3.55882353e+01  -2.36117647e+02  -1.88500000e+02
   -2.71444444e+02  -3.65882353e+01   1.43111111e+02   2.59833333e+02
    4.08750000e+01   2.34687500e+02   2.33500000e+02   2.37700000e+02
    1.84294118e+02   6.31111111e+01   2.79444444e+01  -8.87058824e+01
    7.78947368e+01  -1.87588235e+02  -2.24055556e+02  -2.47947368e+02
   -1.92000000e+02  -2.09611111e+02  -2.37444444e+02  -2.25235294e+02
   -1.29555556e+02]
 [  9.90694769e+01   1.23366212e+02   1.73244212e+02   1.07824855e+02
    1.36751486e+02   9.84739264e+01   1.37800417e+02   1.09058950e+02
    7.57907275e+01   5.05131886e+01   1.26110071e+02   9.45797723e+01
    1.14124778e+02   8.88423042e+01   8.25292231e+01   1.30661340e+02
    6.02271995e+01   9.22709792e+01   1.25090717e+02   8.58675588e+01
    1.00522366e+02   5.09264345e+01   5.61358954e+01   4.78353658e+01
    5.65049528e+01   1.08033849e+02   8.61230310e+01   9.55354145e+01
    8.13894888e+01   9.52683335e+01   1.10518381e+02   1.10103485e+02
    6.71716285e+01]
 [  1.18356274e+02   1.12335930e+02   9.57908622e+01   1.08450916e+02
    8.92741201e+01   1.03998902e+02   1.13626444e+02   6.90828698e+01
    4.89704949e+01   8.49399788e+01   4.79074221e+01   4.39051503e+01
    7.71321664e+01   3.53253783e+01   4.31002693e+01   1.00211027e+02
    8.00906153e+01   9.50442126e+01   9.61827687e+01   1.06209902e+02
    4.89287987e+01   4.53567176e+01   4.13138046e+01   4.48634471e+01
    5.13139465e+01   7.67507889e+01   9.51159918e+01   5.47916649e+01
    3.79804628e+01   6.36545065e+01   5.27800566e+01   7.87226143e+01
    4.52815109e+01]
 [  8.77180920e+01   5.27210584e+01   1.10231700e+02   1.33564320e+02
    9.93094496e+01   1.22199876e+02   1.60891440e+02   1.16359065e+02
    4.22461167e+01   7.14011524e+01   1.10171995e+02   9.96192752e+01
    1.27589281e+02   3.96544765e+01   8.62328172e+01   1.13420677e+02
    7.12652396e+01   8.75412180e+01   9.50572196e+01   1.21888515e+02
    1.17287863e+02   8.13933446e+01   4.88096896e+01   7.40602018e+01
    5.39452888e+01   6.51884678e+01   8.94361797e+01   1.10821561e+02
    6.21017311e+01   7.13349991e+01   6.47149495e+01   1.09179038e+02
    4.69565073e+01]
 [ -2.56687500e+02  -3.13732026e+02  -1.26606618e+03  -2.87581871e+02
   -3.14360294e+02  -2.81194853e+02  -1.61889338e+03  -1.94857353e+03
    4.84907917e+03   5.23880952e+02  -1.76359583e+03  -1.85645238e+03
   -6.73704167e+02  -3.08530515e+03   1.66117647e+02  -3.55882353e+02
   -1.85785714e+02   1.09940000e+03   3.10825000e+02  -7.66882353e+02
   -1.17610417e+03  -1.70490809e+03  -1.09869485e+03   1.49723810e+02
    3.81500000e+02   1.22342917e+03  -3.90955882e+02  -9.81235294e+02
   -7.42352381e+02  -8.75102941e+02  -1.82665000e+03   4.33920833e+02
   -6.70511029e+02]
 [ -1.95088235e+02   5.42699346e+02  -1.25647059e+02   1.49439474e+03
    2.75716912e+03   1.62697794e+03  -6.70500000e+02   2.36930147e+02
   -4.35583333e+03  -4.93553810e+03  -2.77364583e+03  -5.93366190e+03
   -2.64636250e+03   5.70015809e+03   6.39226471e+03   1.31228105e+03
   -3.06091429e+03  -2.20456667e+03  -2.20595833e+03   1.89771569e+03
    9.90325000e+02   4.29664706e+03   4.45890441e+03   3.56918095e+03
    5.11140074e+03   3.61964167e+03   2.07837132e+03  -2.09695098e+03
   -2.69761905e+03  -3.93971324e+03  -2.12512500e+03  -2.79080000e+03
   -1.77069118e+03]
 [  9.75014706e+02   5.12631579e+01   7.69058824e+02   5.28073684e+02
    1.36681250e+03   1.70788971e+03  -8.68577206e+02  -1.46307190e+02
   -3.09640417e+03  -5.64208824e+03  -1.02788235e+03  -6.27202917e+03
   -2.93238562e+02   2.92542647e+03   4.84009804e+03   6.57872549e+02
   -1.37209167e+03  -3.81600000e+02  -4.69341667e+02   2.35442105e+03
    2.16946691e+03   2.87270588e+03   5.33385621e+02   1.26631985e+03
    2.48587427e+03   5.09591912e+02  -3.64450980e+02  -2.16313158e+03
   -2.02670417e+03  -2.38164706e+03  -1.43209150e+03  -3.54155882e+03
   -2.81114052e+03]]
length of Z data is  22
Z data is  [[  3.50000000e+01   2.80000000e+01   3.70000000e+01   3.40000000e+01
    3.10000000e+01   3.20000000e+01   3.60000000e+01   3.50000000e+01
    3.60000000e+01   3.80000000e+01   3.90000000e+01   3.80000000e+01
    4.00000000e+01   4.30000000e+01   4.60000000e+01   4.60000000e+01
    4.90000000e+01   4.70000000e+01   4.90000000e+01   3.90000000e+01
    5.10000000e+01   5.00000000e+01   4.90000000e+01   5.00000000e+01
    4.30000000e+01   4.60000000e+01   5.20000000e+01   4.40000000e+01
    4.30000000e+01]
 [ -5.07272727e+01  -1.35555556e+01  -2.36666667e+01   1.75454545e+01
    3.00000000e-01  -2.46000000e+01  -1.13833333e+02  -1.21363636e+02
   -8.56666667e+01  -1.07916667e+02  -1.11076923e+02  -1.24250000e+02
   -9.63076923e+01  -9.77142857e+01  -1.72666667e+02  -1.62866667e+02
   -1.65750000e+02  -1.37666667e+02  -2.54750000e+02  -1.77538462e+02
   -3.15882353e+01  -4.00000000e+01  -1.78125000e+01  -2.09562500e+02
   -2.29071429e+02  -2.03133333e+02  -2.30764706e+02  -2.23071429e+02
   -2.24142857e+02]
 [ -2.60909091e+01   2.02222222e+01  -6.41666667e+00   1.78181818e+01
    2.47000000e+01  -8.50000000e+00  -4.63333333e+01  -2.91818182e+01
   -2.84166667e+01  -5.14166667e+01  -6.55384615e+01  -5.60000000e+01
   -5.69230769e+01  -8.75714286e+01  -1.21600000e+02  -1.32600000e+02
   -1.39812500e+02  -1.05800000e+02  -2.49625000e+02  -9.33076923e+01
   -4.05882353e+00  -2.83750000e+01  -2.47500000e+01  -1.99500000e+02
   -1.85500000e+02  -1.74200000e+02  -1.98823529e+02  -1.49500000e+02
   -1.64357143e+02]
 [  1.24615385e+01   4.47000000e+01   2.46153846e+01   6.50000000e+01
    3.51818182e+01   1.72500000e+01  -2.77500000e+01  -4.41538462e+01
   -2.80000000e+01  -7.24285714e+01  -6.86923077e+01  -7.54285714e+01
   -6.34285714e+01  -6.34000000e+01  -1.30562500e+02  -1.13812500e+02
   -1.15176471e+02  -9.88823529e+01  -2.44470588e+02  -1.34538462e+02
    6.11764706e+00   2.16666667e+00   1.20588235e+01  -2.02611111e+02
   -2.25466667e+02  -1.90875000e+02  -2.30111111e+02  -1.92500000e+02
   -2.08000000e+02]
 [  7.27499964e+00   2.35093887e+01   7.54247233e+00   3.31425671e+01
    4.59848888e+01   4.20195193e+01   8.23335020e+01   8.79878842e+01
    5.53719745e+01   6.43382446e+01   6.56218321e+01   4.23814523e+01
    4.81446292e+01   5.24342153e+01   6.02889339e+01   6.02316270e+01
    3.24143101e+01   3.95569912e+01   1.63114224e+01   6.25553483e+01
    2.34195967e+01   2.02113829e+01   1.18596941e+01   1.98524833e+01
    3.13903176e+01   3.62709556e+01   2.96698092e+01   2.93731274e+01
    2.19865451e+01]
 [  1.91570284e+01   8.21621402e+00   1.84456785e+01   1.23936801e+01
    2.08329067e+01   1.95512148e+01   4.77254882e+01   6.09497829e+01
    4.33829043e+01   3.57758259e+01   5.87113085e+01   3.92895236e+01
    4.84918098e+01   3.84572384e+01   7.53470194e+01   5.98763170e+01
    6.15022548e+01   3.55775210e+01   1.17822364e+02   7.00740099e+01
    1.94012449e+01   2.48416862e+01   2.40533262e+01   3.43056118e+01
    6.88660708e+01   5.38110274e+01   4.10326058e+01   2.44006733e+01
    6.12227865e+01]
 [  2.55481909e+01   5.17958493e+01   2.20960785e+01   3.69819776e+01
    4.62145553e+01   4.40702564e+01   6.06027021e+01   7.82214275e+01
    6.47533783e+01   5.55128226e+01   4.87069488e+01   6.04089803e+01
    4.32628417e+01   4.14998795e+01   3.50356403e+01   4.74239111e+01
    2.93983499e+01   2.15457990e+01   3.30883268e+01   6.24568964e+01
    1.51769266e+01   9.86154146e+00   1.32152790e+01   2.66377737e+01
    5.04537632e+01   3.37840106e+01   4.21635557e+01   4.59252109e+01
    3.71627053e+01]
 [  7.92727273e+01  -1.56444444e+02   1.05166667e+02   1.31545455e+02
    1.61900000e+02   1.34500000e+02  -2.01000000e+02  -1.70363636e+02
   -1.86750000e+02  -1.23166667e+02  -2.25846154e+02   1.69750000e+02
    2.03307692e+02   2.41857143e+02   1.26000000e+02   1.56266667e+02
    1.90250000e+02   1.98000000e+02   3.83125000e+01   1.99769231e+02
    2.41647059e+02   2.64187500e+02   2.75562500e+02   1.16062500e+02
    7.25000000e+01   1.66400000e+02   7.52941176e+01   1.21214286e+02
    4.97142857e+01]
 [ -1.07454545e+02   7.07777778e+01  -7.01666667e+01  -9.09090909e+01
   -1.32400000e+02  -1.31300000e+02  -2.14750000e+02  -2.13909091e+02
   -2.30083333e+02  -2.30083333e+02  -2.06076923e+02  -2.34166667e+01
    9.79230769e+01   1.88142857e+02   8.91333333e+01   1.29200000e+02
    2.11750000e+02   2.35266667e+02  -6.56875000e+01   1.18230769e+02
    2.84176471e+02   2.49187500e+02   2.38312500e+02   3.75000000e+00
   -8.32857143e+01   1.39333333e+02  -4.15294118e+01  -5.14285714e+01
   -1.10285714e+02]
 [  6.62307692e+01   1.43000000e+01   4.40000000e+01   1.06583333e+02
    1.16727273e+02   1.08583333e+02  -3.03750000e+02  -2.88000000e+02
   -2.74333333e+02  -1.82071429e+02  -2.53230769e+02   1.61214286e+02
    2.06428571e+02   2.41333333e+02   1.54687500e+02   1.98812500e+02
    2.20000000e+02   2.42000000e+02  -4.58823529e+00   2.54769231e+02
    2.77588235e+02   2.91111111e+02   2.92470588e+02   1.06388889e+02
    7.90000000e+01   2.00812500e+02   5.12222222e+01   1.50937500e+02
    2.79333333e+01]
 [  8.86690383e+01   2.76007694e+01   9.63991989e+01   1.75889616e+02
    1.81429022e+02   1.60228119e+02   6.71019125e+01   5.95380287e+01
    4.90461093e+01   1.06748016e+02   5.56304374e+01   1.15353171e+02
    1.20781038e+02   6.63269576e+01   9.39929075e+01   1.15055040e+02
    4.75243359e+01   7.57117340e+01   1.22032638e+02   6.81876978e+01
    3.93609857e+01   3.88847958e+01   2.34253302e+01   1.07557815e+02
    1.25443641e+02   4.75321645e+01   1.04445744e+02   8.01000968e+01
    1.00791460e+02]
 [  8.51676034e+01   1.65953660e+02   1.52203719e+02   1.85201833e+02
    2.22348465e+02   1.17664821e+02   9.83904848e+01   7.41515090e+01
    7.48381123e+01   4.67323199e+01   1.41297537e+02   1.39865685e+02
    1.71199147e+02   1.44710478e+02   1.52430035e+02   1.52717692e+02
    1.18140012e+02   1.10787163e+02   8.42197414e+01   1.53727108e+02
    6.39928629e+01   5.86314962e+01   8.96407544e+01   9.93330886e+01
    1.16948968e+02   7.76836891e+01   9.55806513e+01   7.99130905e+01
    9.94545327e+01]
 [  1.58507051e+02   2.40467066e+02   2.22532625e+02   2.58975693e+02
    2.84862994e+02   2.63861851e+02   8.14300569e+01   6.00896766e+01
    5.48290272e+01   7.78005364e+01   5.30662197e+01   1.50803173e+02
    1.39445696e+02   9.64079296e+01   5.37293201e+01   1.05366752e+02
    4.90018007e+01   4.30703938e+01   1.67463098e+02   9.45639009e+01
    2.34296414e+01   5.66263473e+01   5.71161022e+01   1.06144628e+02
    1.57414951e+02   5.84446520e+01   1.05238647e+02   1.16752125e+02
    1.16669029e+02]
 [  2.62272727e+02   1.65555556e+02   2.42750000e+02   2.38272727e+02
    2.38000000e+02   2.43800000e+02   1.07750000e+02   1.34545455e+02
    1.41333333e+02   1.80000000e+02  -9.61538462e+00   1.61000000e+02
    1.36076923e+02   5.17142857e+01   1.27933333e+02   9.90000000e+01
    3.90625000e+01   7.54000000e+01   5.06250000e+00  -1.39230769e+01
    3.79411765e+01  -1.36875000e+01  -2.05000000e+01   1.01125000e+02
    1.02071429e+02   3.60000000e+00   8.85294118e+01   8.81428571e+01
    1.33500000e+02]
 [  1.79272727e+02   2.88444444e+02   2.07250000e+02   1.90090909e+02
    1.66600000e+02   1.40200000e+02  -8.57500000e+01  -9.37272727e+01
   -3.85833333e+01   2.92500000e+01  -9.88461538e+01   2.35250000e+02
    2.04615385e+02   1.35357143e+02   1.87933333e+02   1.59266667e+02
    7.61875000e+01   7.44666667e+01   5.12500000e+01   1.76846154e+02
    2.36470588e+01   6.89375000e+01   7.49375000e+01   1.36937500e+02
    1.23357143e+02   1.12000000e+02   1.37000000e+02   1.69785714e+02
    1.18500000e+02]
 [  2.99230769e+02   2.69000000e+02   2.89769231e+02   2.97166667e+02
    3.17727273e+02   3.25416667e+02   2.50833333e+01   6.29230769e+01
    1.25000000e+02   2.02500000e+02  -2.30769231e+01   2.10714286e+02
    1.59500000e+02   1.09333333e+02   1.72687500e+02   1.34375000e+02
    7.73529412e+01   5.15882353e+01   7.32941176e+01   1.53846154e+01
    1.05294118e+01   2.26666667e+01   2.56470588e+01   1.44055556e+02
    1.54400000e+02   4.65625000e+01   1.38388889e+02   1.60625000e+02
    1.73400000e+02]
 [  7.32431702e+01   6.30310525e+01   3.21354555e+01   5.37605650e+01
    3.35797558e+01   3.32980480e+01   1.74131715e+02   1.98735715e+02
    1.70736314e+02   1.60593171e+02   1.59640239e+02   5.44594650e+01
    8.18013180e+01   1.75258759e+02   9.13443789e+01   1.38074859e+02
    1.61888646e+02   1.51663575e+02   3.66033959e+01   1.55562731e+02
    9.94073441e+01   1.17126918e+02   8.06907677e+01   5.93083837e+01
    2.60232431e+01   1.30132138e+02   4.61444250e+01   4.89093289e+01
    2.06631141e+01]
 [  8.99354222e+01   2.13253689e+02   1.34764687e+02   8.88036184e+01
    1.28590979e+02   8.80508944e+01   1.36591926e+02   1.72171210e+02
    1.50827417e+02   1.11083396e+02   1.64606686e+02   3.35537504e+01
    5.66399403e+01   9.71145179e+01   8.29461405e+01   7.56064077e+01
    9.99369919e+01   1.00801367e+02   6.03546808e+01   1.59908073e+02
    8.34554768e+01   6.61602871e+01   5.57522071e+01   2.21542004e+01
    6.06460541e+01   9.96768111e+01   6.64060593e+01   2.23452730e+01
    6.82231109e+01]
 [  8.21547825e+01   2.84183040e+01   7.24496152e+01   5.17668384e+01
    8.08883528e+01   1.00467622e+02   2.01197440e+02   2.14429282e+02
    1.86072566e+02   1.56578027e+02   1.79134012e+02   8.94406655e+01
    8.28059263e+01   1.45893873e+02   1.31693166e+02   1.30010036e+02
    1.39395730e+02   1.30967917e+02   4.33192862e+01   1.80436027e+02
    1.03723114e+02   9.56312362e+01   9.69911707e+01   6.09475842e+01
    4.75910356e+01   1.04990457e+02   3.84521909e+01   4.08440250e+01
    4.71264964e+01]
 [  1.01818182e+02   7.22222222e+00  -1.22696970e+02  -5.10162727e+03
   -8.44541111e+03  -6.33977778e+03  -4.86036364e+03  -5.08464545e+03
   -2.68036364e+03  -6.97680303e+03   3.59201282e+03  -4.89470455e+03
   -6.10423077e+03  -3.27749451e+03  -5.63935714e+03  -6.50675238e+03
   -6.41400000e+02  -2.03550000e+03  -1.22088333e+03  -3.74638462e+03
    6.33419118e+01   2.36000000e+01  -9.11250000e+00  -1.39182917e+03
   -3.38803846e+03  -1.33108571e+03  -3.09126103e+03  -2.10967582e+03
   -2.25665934e+03]
 [ -3.91845455e+02   8.30930556e+02   8.57196970e+02   5.20318182e+02
   -1.43791111e+03  -8.41833333e+02   4.75645455e+03   4.70111818e+03
    2.69096212e+03  -1.24076515e+03   8.81112179e+03  -5.46572727e+03
   -8.67807692e+03  -5.03229670e+03  -1.18053429e+04  -8.80137143e+03
   -6.37095000e+03  -2.74884286e+03  -9.44985833e+03  -1.11044231e+04
    3.46698529e+02   1.00367500e+03   8.28183333e+02  -3.06280000e+03
   -7.06130769e+03  -3.96271429e+03  -3.86946324e+03  -1.56015385e+03
   -6.06980220e+03]
 [ -2.94061538e+03  -9.37612222e+03  -2.64925000e+03  -6.77500000e+03
   -1.10095455e+04  -1.04084318e+04   3.39338636e+03   5.67250000e+02
    1.94363636e+02  -3.93349451e+03   8.19243590e+02  -9.59690110e+03
   -6.38072527e+03  -3.67850000e+03  -1.73305417e+03  -4.98102917e+03
   -1.04668750e+03  -7.64437500e+02  -3.12135662e+03  -6.21813462e+03
   -3.26985294e+01   2.51274510e+02  -3.17169118e+01  -1.18339542e+03
   -5.48757143e+03  -2.04324167e+03  -3.84791503e+03  -5.33850000e+03
   -3.70364286e+03]]
length of swipe left data is  68
swipe left data is  [[   19.            17.            20.         ...,    20.            20.
     19.        ]
 [  -64.16666667   -62.6         -131.66666667 ...,   -42.66666667
    -11.83333333    -6.66666667]
 [    7.            11.6          -50.83333333 ...,    55.5           73.66666667
     82.66666667]
 ..., 
 [ -450.33333333   -21.         -1063.2        ...,  -760.4          228.26666667
    -76.73333333]
 [  246.6        -1540.75        2221.5        ...,  3686.3          254.8
   1915.73333333]
 [ -426.92857143 -1020.95238095  -658.28571429 ..., -1266.80357143
    -72.35714286  -605.80952381]]
length of swipe right data is  22
swipe right data is  [[   17.            23.            21.         ...,    18.            20.
     19.        ]
 [ -109.           -53.57142857   -24.28571429 ...,   -11.33333333
    -39.33333333   -31.66666667]
 [  -38.4           27.14285714    39.42857143 ...,     9.33333333
    -57.83333333    36.33333333]
 ..., 
 [   60.25          75.47619048  -806.02380952 ...,   117.46666667   -31.8
   -139.66666667]
 [  218.2        -1854.64285714    98.97619048 ...,  -369.4         -100.03333333
  -5439.93333333]
 [  -88.64285714  -775.625       -450.45238095 ...,  -160.33333333
  -1144.03571429  -455.42857143]]
