96.00
96.00
96.00
124.00
208.00
208.00
130.00
45.00
-13.00
-58.00
-60.00
-77.00
-130.00
-174.00
-188.00
-200.00
-205.00
-154.00
-79.00
-47.00
8.00
64.00
118.00
153.00
155.00
141.00
152.00
178.00
197.00
235.00
160.00
-15.00
-164.00
-230.00
-219.00
999999
-129.00
-129.00
-129.00
-141.00
-149.00
-166.00
-177.00
-172.00
-216.00
-227.00
-182.00
-40.00
92.00
192.00
212.00
208.00
201.00
181.00
169.00
197.00
241.00
316.00
233.00
30.00
-264.00
-383.00
-248.00
-148.00
999999
60.00
60.00
68.00
85.00
118.00
191.00
259.00
237.00
191.00
90.00
-15.00
-82.00
-127.00
-182.00
-187.00
-199.00
-175.00
-149.00
-176.00
-153.00
-37.00
117.00
202.00
224.00
226.00
260.00
266.00
249.00
257.00
244.00
167.00
12.00
-163.00
-268.00
-297.00
-239.00
-142.00
999999
85.00
85.00
85.00
143.00
278.00
420.00
359.00
232.00
61.00
-111.00
-190.00
-191.00
-214.00
-215.00
-212.00
-228.00
-239.00
-181.00
-110.00
77.00
216.00
297.00
304.00
312.00
303.00
291.00
318.00
320.00
298.00
113.00
-132.00
-341.00
-315.00
-192.00
999999
118.00
118.00
118.00
248.00
367.00
404.00
340.00
162.00
-40.00
-216.00
-259.00
-256.00
-236.00
-269.00
-289.00
-348.00
-220.00
9.00
209.00
335.00
357.00
321.00
305.00
341.00
372.00
381.00
191.00
-86.00
-326.00
-338.00
-234.00
999999
147.00
147.00
147.00
235.00
332.00
350.00
220.00
31.00
-114.00
-150.00
-170.00
-188.00
-208.00
-219.00
-228.00
-210.00
-187.00
-81.00
58.00
120.00
209.00
233.00
266.00
324.00
372.00
386.00
329.00
168.00
-95.00
-242.00
-359.00
-288.00
999999
-202.00
-202.00
-202.00
-102.00
-95.00
-104.00
-188.00
-249.00
-249.00
-279.00
-310.00
-230.00
-236.00
-174.00
-135.00
-134.00
-126.00
-123.00
-130.00
-187.00
-240.00
-302.00
-352.00
-438.00
-435.00
-416.00
-391.00
-357.00
-308.00
-200.00
-174.00
-233.00
-233.00
-285.00
-332.00
-281.00
999999
-167.00
-167.00
-171.00
-87.00
-86.00
-120.00
-128.00
-240.00
-193.00
-261.00
-254.00
-225.00
-206.00
-177.00
-144.00
-166.00
-114.00
-194.00
-180.00
-251.00
-310.00
-386.00
-392.00
-371.00
-300.00
-278.00
-243.00
-226.00
-162.00
-246.00
-287.00
-319.00
-352.00
-298.00
-270.00
999999
-169.00
-169.00
-153.00
-141.00
-131.00
-147.00
-156.00
-192.00
-217.00
-202.00
-277.00
-287.00
-295.00
-267.00
-205.00
-182.00
-166.00
-202.00
-105.00
-205.00
-205.00
-205.00
-335.00
-389.00
-358.00
-371.00
-323.00
-299.00
-263.00
-200.00
-219.00
-192.00
-252.00
-251.00
-275.00
-289.00
999999
-140.00
-140.00
-140.00
-85.00
0.00
27.00
24.00
-59.00
-165.00
-199.00
-317.00
-284.00
-319.00
-271.00
-265.00
-233.00
-202.00
-218.00
-249.00
-261.00
-244.00
-161.00
-188.00
-150.00
-161.00
-174.00
-153.00
-153.00
-132.00
-134.00
-72.00
-79.00
-105.00
-235.00
-259.00
-303.00
-309.00
-280.00
999999
-231.00
-231.00
-221.00
-207.00
-244.00
-293.00
-277.00
-316.00
-290.00
-180.00
-141.00
-157.00
-148.00
-114.00
-69.00
-61.00
-73.00
-76.00
-90.00
-130.00
-198.00
-267.00
-378.00
-435.00
-416.00
-372.00
-366.00
-339.00
-295.00
-263.00
-194.00
-186.00
-206.00
-231.00
-221.00
-281.00
-261.00
-239.00
-210.00
999999
130.00
130.00
106.00
151.00
268.00
287.00
338.00
335.00
207.00
112.00
11.00
-38.00
-97.00
-105.00
-155.00
-160.00
-154.00
-105.00
-87.00
-34.00
13.00
137.00
221.00
245.00
256.00
275.00
298.00
292.00
287.00
280.00
287.00
268.00
164.00
84.00
-4.00
-76.00
-92.00
-62.00
999999
199.00
199.00
212.00
238.00
306.00
381.00
364.00
313.00
232.00
125.00
75.00
30.00
-31.00
-53.00
-74.00
-90.00
-61.00
-67.00
-5.00
45.00
82.00
186.00
249.00
336.00
363.00
362.00
384.00
361.00
332.00
344.00
335.00
317.00
286.00
208.00
125.00
66.00
30.00
24.00
29.00
49.00
999999
263.00
263.00
263.00
266.00
289.00
300.00
344.00
305.00
271.00
221.00
199.00
159.00
140.00
103.00
49.00
29.00
40.00
66.00
85.00
82.00
112.00
101.00
212.00
297.00
371.00
393.00
397.00
400.00
364.00
356.00
338.00
343.00
321.00
323.00
303.00
282.00
190.00
147.00
130.00
119.00
130.00
135.00
139.00
999999
114.00
114.00
114.00
164.00
235.00
267.00
279.00
222.00
157.00
128.00
85.00
43.00
7.00
-9.00
-30.00
-65.00
-88.00
-89.00
-81.00
-75.00
-55.00
28.00
64.00
139.00
215.00
243.00
273.00
271.00
282.00
275.00
266.00
252.00
216.00
187.00
171.00
174.00
170.00
169.00
136.00
128.00
104.00
100.00
97.00
100.00
97.00
108.00
999999
136.00
136.00
127.00
153.00
235.00
304.00
347.00
331.00
259.00
181.00
92.00
41.00
19.00
2.00
-19.00
-30.00
-40.00
-27.00
-17.00
-13.00
4.00
27.00
53.00
135.00
294.00
329.00
369.00
291.00
301.00
262.00
272.00
284.00
303.00
287.00
295.00
274.00
295.00
287.00
270.00
215.00
124.00
57.00
47.00
59.00
52.00
60.00
999999
186.00
209.00
209.00
193.00
213.00
231.00
228.00
238.00
257.00
249.00
192.00
160.00
139.00
128.00
105.00
107.00
120.00
106.00
116.00
105.00
78.00
56.00
80.00
152.00
208.00
339.00
364.00
398.00
353.00
319.00
295.00
299.00
299.00
279.00
269.00
271.00
277.00
269.00
251.00
220.00
192.00
182.00
163.00
160.00
153.00
154.00
185.00
203.00
213.00
999999
316.00
316.00
316.00
290.00
255.00
208.00
175.00
165.00
151.00
144.00
134.00
132.00
130.00
126.00
112.00
108.00
110.00
115.00
128.00
129.00
140.00
163.00
243.00
255.00
348.00
390.00
421.00
376.00
317.00
286.00
279.00
271.00
281.00
284.00
273.00
277.00
290.00
292.00
276.00
246.00
210.00
182.00
196.00
189.00
190.00
191.00
187.00
999999
27.00
27.00
27.00
54.00
147.00
193.00
185.00
194.00
170.00
112.00
60.00
-32.00
-84.00
-147.00
-159.00
-161.00
-144.00
-114.00
-89.00
-92.00
-101.00
-101.00
-101.00
-121.00
-216.00
-108.00
-107.00
75.00
89.00
58.00
22.00
-1.00
35.00
81.00
67.00
96.00
156.00
164.00
257.00
226.00
54.00
-66.00
-311.00
-294.00
-217.00
-205.00
-76.00
-44.00
-1.00
999999
182.00
182.00
182.00
190.00
269.00
317.00
298.00
272.00
214.00
156.00
127.00
115.00
93.00
64.00
18.00
-24.00
-50.00
-45.00
-17.00
50.00
47.00
188.00
237.00
325.00
356.00
388.00
385.00
358.00
369.00
357.00
322.00
294.00
251.00
225.00
197.00
159.00
141.00
121.00
133.00
999999
321.00
321.00
321.00
249.00
236.00
216.00
216.00
215.00
222.00
242.00
215.00
212.00
232.00
228.00
252.00
217.00
193.00
179.00
171.00
187.00
209.00
221.00
265.00
295.00
314.00
341.00
347.00
366.00
357.00
332.00
333.00
314.00
305.00
295.00
287.00
274.00
274.00
258.00
265.00
267.00
282.00
296.00
311.00
334.00
306.00
289.00
263.00
237.00
260.00
262.00
254.00
999999
281.00
281.00
281.00
306.00
337.00
334.00
291.00
274.00
253.00
241.00
212.00
220.00
233.00
232.00
237.00
214.00
205.00
199.00
197.00
192.00
169.00
173.00
218.00
241.00
257.00
265.00
257.00
277.00
309.00
328.00
349.00
351.00
385.00
361.00
338.00
331.00
332.00
340.00
338.00
320.00
309.00
307.00
297.00
270.00
236.00
215.00
204.00
213.00
220.00
224.00
999999
264.00
276.00
276.00
265.00
270.00
262.00
302.00
304.00
322.00
310.00
286.00
275.00
266.00
252.00
247.00
232.00
215.00
190.00
169.00
166.00
155.00
151.00
155.00
191.00
224.00
188.00
221.00
260.00
322.00
377.00
421.00
408.00
397.00
374.00
357.00
329.00
332.00
320.00
313.00
312.00
305.00
307.00
277.00
243.00
207.00
210.00
224.00
222.00
243.00
999999
98.00
114.00
114.00
133.00
212.00
254.00
281.00
247.00
217.00
166.00
130.00
26.00
-5.00
-44.00
-39.00
-47.00
-31.00
-47.00
-68.00
-73.00
-99.00
-92.00
-74.00
-62.00
-60.00
4.00
-4.00
6.00
145.00
119.00
206.00
190.00
183.00
174.00
177.00
158.00
166.00
154.00
180.00
208.00
236.00
235.00
174.00
82.00
3.00
-35.00
-79.00
-40.00
-49.00
-12.00
999999
111.00
111.00
151.00
207.00
252.00
235.00
169.00
98.00
63.00
-16.00
-21.00
-89.00
-102.00
-154.00
-145.00
-161.00
-129.00
-137.00
-141.00
-160.00
-190.00
-180.00
-153.00
-87.00
-61.00
92.00
79.00
207.00
129.00
190.00
193.00
202.00
196.00
192.00
192.00
211.00
204.00
105.00
43.00
-97.00
-212.00
-221.00
-142.00
999999
157.00
157.00
148.00
174.00
208.00
248.00
234.00
222.00
202.00
174.00
152.00
122.00
105.00
107.00
86.00
83.00
58.00
46.00
44.00
80.00
102.00
122.00
133.00
98.00
131.00
180.00
220.00
249.00
256.00
288.00
284.00
283.00
265.00
278.00
252.00
242.00
214.00
214.00
195.00
168.00
140.00
134.00
128.00
144.00
140.00
132.00
999999
63.00
63.00
60.00
81.00
102.00
155.00
183.00
208.00
234.00
199.00
145.00
89.00
19.00
-39.00
-72.00
-97.00
-113.00
-128.00
-130.00
-147.00
-125.00
-129.00
-113.00
-87.00
-69.00
-57.00
-69.00
-58.00
-62.00
3.00
74.00
152.00
120.00
119.00
116.00
124.00
135.00
134.00
149.00
142.00
138.00
127.00
121.00
130.00
123.00
50.00
-69.00
-98.00
-118.00
-100.00
-93.00
-89.00
999999
81.00
74.00
74.00
85.00
107.00
169.00
201.00
254.00
243.00
195.00
146.00
82.00
11.00
-25.00
-62.00
-85.00
-130.00
-160.00
-145.00
-116.00
-92.00
-64.00
-31.00
-21.00
-34.00
9.00
84.00
127.00
195.00
271.00
255.00
259.00
255.00
254.00
238.00
220.00
192.00
179.00
139.00
92.00
13.00
-33.00
-55.00
-59.00
999999
35.00
44.00
44.00
72.00
127.00
168.00
169.00
178.00
119.00
69.00
2.00
-54.00
-109.00
-168.00
-185.00
-193.00
-206.00
-210.00
-200.00
-169.00
-142.00
-128.00
-124.00
-109.00
-66.00
24.00
81.00
83.00
102.00
132.00
141.00
158.00
157.00
127.00
109.00
65.00
39.00
12.00
-60.00
-107.00
-144.00
-166.00
-146.00
999999
-1.00
-1.00
-1.00
-90.00
-148.00
-239.00
-286.00
-229.00
-129.00
32.00
122.00
150.00
160.00
135.00
107.00
133.00
149.00
169.00
199.00
253.00
242.00
202.00
144.00
76.00
16.00
9.00
-19.00
-55.00
-94.00
-110.00
-124.00
-135.00
-150.00
-174.00
-217.00
-260.00
-156.00
27.00
198.00
999999
-94.00
-104.00
-104.00
-116.00
-172.00
-214.00
-218.00
-99.00
0.00
73.00
155.00
199.00
189.00
148.00
160.00
163.00
180.00
171.00
182.00
198.00
225.00
220.00
228.00
214.00
142.00
33.00
-27.00
-83.00
-128.00
-146.00
-149.00
-195.00
-250.00
-333.00
-437.00
-316.00
-3.00
264.00
367.00
354.00
999999
-27.00
-27.00
-10.00
-42.00
-134.00
-205.00
-296.00
-317.00
-256.00
-134.00
-4.00
135.00
213.00
226.00
270.00
231.00
230.00
176.00
143.00
124.00
133.00
134.00
173.00
219.00
201.00
181.00
156.00
111.00
-30.00
-115.00
-196.00
-242.00
-201.00
-164.00
-115.00
-126.00
-219.00
-375.00
-501.00
-312.00
1.00
258.00
323.00
317.00
293.00
256.00
999999
-26.00
-26.00
-18.00
-63.00
-190.00
-299.00
-425.00
-279.00
-99.00
44.00
129.00
199.00
192.00
200.00
158.00
115.00
105.00
84.00
110.00
131.00
157.00
169.00
177.00
189.00
171.00
134.00
115.00
47.00
-26.00
-109.00
-169.00
-179.00
-98.00
-52.00
-53.00
-44.00
-47.00
-65.00
-206.00
-429.00
-519.00
-412.00
18.00
285.00
402.00
330.00
999999
-65.00
-65.00
-71.00
-95.00
-154.00
-213.00
-272.00
-239.00
-224.00
-101.00
57.00
130.00
162.00
241.00
230.00
216.00
178.00
179.00
168.00
159.00
176.00
169.00
167.00
192.00
169.00
138.00
78.00
19.00
-42.00
-118.00
-168.00
-159.00
-137.00
-100.00
-75.00
-107.00
-185.00
-346.00
-380.00
-158.00
80.00
270.00
292.00
292.00
999999
-209.00
-209.00
-209.00
-272.00
-302.00
-296.00
-302.00
-281.00
-283.00
-243.00
-179.00
-236.00
-174.00
-178.00
-184.00
-176.00
-145.00
-102.00
-146.00
-75.00
-92.00
-106.00
-105.00
-145.00
-184.00
-196.00
-210.00
-303.00
-355.00
-328.00
-327.00
-318.00
-308.00
-289.00
-285.00
-282.00
-291.00
-371.00
-448.00
-396.00
-255.00
-198.00
-194.00
-134.00
-169.00
-175.00
-177.00
-195.00
999999
-202.00
-207.00
-207.00
-241.00
-259.00
-326.00
-409.00
-340.00
-283.00
-250.00
-166.00
-196.00
-181.00
-133.00
-143.00
-95.00
-104.00
-77.00
-68.00
-30.00
-112.00
-65.00
-97.00
-179.00
-207.00
-192.00
-273.00
-352.00
-353.00
-401.00
-373.00
-336.00
-335.00
-306.00
-400.00
-487.00
-314.00
-229.00
-151.00
-92.00
-83.00
-61.00
999999
-153.00
-159.00
-159.00
-245.00
-283.00
-329.00
-253.00
-293.00
-233.00
-247.00
-196.00
-220.00
-161.00
-143.00
-130.00
-110.00
-93.00
-101.00
-99.00
-117.00
-153.00
-209.00
-257.00
-271.00
-364.00
-383.00
-389.00
-353.00
-320.00
-270.00
-291.00
-377.00
-412.00
-283.00
-250.00
-229.00
-207.00
-156.00
-214.00
999999
-157.00
-157.00
-160.00
-259.00
-390.00
-413.00
-359.00
-359.00
-241.00
-175.00
-146.00
-171.00
-107.00
-159.00
-101.00
-116.00
-107.00
-88.00
-103.00
-84.00
-98.00
-101.00
-132.00
-311.00
-335.00
-325.00
-385.00
-411.00
-359.00
-332.00
-318.00
-289.00
-263.00
-356.00
-429.00
-345.00
-262.00
-232.00
-153.00
-111.00
-137.00
-148.00
999999
-189.00
-189.00
-189.00
-255.00
-329.00
-355.00
-317.00
-224.00
-216.00
-169.00
-204.00
-174.00
-195.00
-146.00
-134.00
-136.00
-150.00
-162.00
-125.00
-129.00
-153.00
-179.00
-242.00
-188.00
-332.00
-308.00
-259.00
-257.00
-260.00
-263.00
-338.00
-311.00
-306.00
-286.00
-254.00
-244.00
-239.00
-276.00
-359.00
-287.00
-299.00
-277.00
-234.00
-230.00
-213.00
999999
-18.00
-18.00
-49.00
-58.00
-181.00
-375.00
-442.00
-213.00
-75.00
96.00
154.00
208.00
204.00
164.00
152.00
106.00
105.00
99.00
132.00
171.00
193.00
181.00
168.00
176.00
47.00
-4.00
-70.00
-158.00
-213.00
-223.00
-197.00
-184.00
-144.00
-131.00
-202.00
-294.00
-404.00
-271.00
-51.00
95.00
187.00
220.00
239.00
195.00
128.00
999999
-125.00
-171.00
-171.00
-305.00
-467.00
-454.00
-245.00
-14.00
185.00
208.00
238.00
209.00
202.00
131.00
118.00
111.00
137.00
190.00
238.00
236.00
220.00
156.00
49.00
-73.00
-175.00
-216.00
-218.00
-217.00
-194.00
-215.00
-257.00
-337.00
-361.00
-332.00
-166.00
145.00
230.00
254.00
999999
-218.00
-218.00
-190.00
-207.00
-249.00
-299.00
-324.00
-319.00
-267.00
-256.00
-203.00
-201.00
-192.00
-166.00
-123.00
-159.00
-130.00
-127.00
-141.00
-126.00
-131.00
-105.00
-154.00
-204.00
-251.00
-335.00
-404.00
-408.00
-401.00
-362.00
-310.00
-311.00
-314.00
-406.00
-340.00
-345.00
-292.00
-213.00
-197.00
-184.00
-185.00
999999
171.00
194.00
194.00
179.00
93.00
21.00
-9.00
81.00
167.00
221.00
277.00
325.00
352.00
339.00
281.00
277.00
235.00
195.00
191.00
210.00
221.00
220.00
205.00
212.00
219.00
216.00
220.00
269.00
272.00
273.00
298.00
245.00
207.00
183.00
160.00
128.00
106.00
129.00
140.00
226.00
320.00
312.00
316.00
354.00
303.00
293.00
999999
193.00
193.00
195.00
183.00
191.00
190.00
148.00
259.00
304.00
274.00
282.00
296.00
255.00
250.00
241.00
230.00
216.00
215.00
214.00
223.00
186.00
221.00
240.00
256.00
230.00
250.00
256.00
251.00
299.00
298.00
320.00
270.00
237.00
230.00
199.00
192.00
179.00
165.00
187.00
255.00
247.00
281.00
320.00
336.00
301.00
309.00
322.00
999999
-243.00
-243.00
-255.00
-285.00
-369.00
-408.00
-191.00
-232.00
-224.00
-223.00
-173.00
-208.00
-140.00
-172.00
-148.00
-133.00
-130.00
-146.00
-158.00
-172.00
-191.00
-294.00
-299.00
-257.00
-327.00
-339.00
-337.00
-351.00
-339.00
-352.00
-354.00
-341.00
-305.00
-219.00
-182.00
-167.00
-145.00
999999
-214.00
-214.00
-214.00
-270.00
-301.00
-339.00
-262.00
-287.00
-226.00
-189.00
-171.00
-190.00
-168.00
-178.00
-161.00
-122.00
-138.00
-147.00
-125.00
-138.00
-148.00
-186.00
-208.00
-223.00
-240.00
-235.00
-235.00
-294.00
-371.00
-363.00
-366.00
-376.00
-360.00
-344.00
-374.00
-334.00
-304.00
-219.00
-190.00
-142.00
-142.00
-146.00
999999
-204.00
-204.00
-204.00
-213.00
-228.00
-263.00
-274.00
-263.00
-231.00
-240.00
-233.00
-212.00
-198.00
-172.00
-168.00
-168.00
-140.00
-139.00
-131.00
-138.00
-143.00
-167.00
-200.00
-284.00
-279.00
-320.00
-346.00
-364.00
-358.00
-338.00
-320.00
-323.00
-338.00
-342.00
-362.00
-329.00
-236.00
-201.00
-179.00
-199.00
-174.00
-181.00
-216.00
999999
-239.00
-239.00
-239.00
-245.00
-295.00
-280.00
-268.00
-256.00
-235.00
-225.00
-201.00
-191.00
-201.00
-166.00
-166.00
-131.00
-116.00
-128.00
-108.00
-115.00
-147.00
-194.00
-249.00
-262.00
-272.00
-281.00
-323.00
-335.00
-343.00
-342.00
-338.00
-345.00
-356.00
-343.00
-319.00
-227.00
-225.00
-180.00
-169.00
999999
-183.00
-183.00
-183.00
-241.00
-317.00
-319.00
-279.00
-257.00
-230.00
-223.00
-214.00
-207.00
-212.00
-147.00
-158.00
-158.00
-131.00
-146.00
-146.00
-165.00
-139.00
-188.00
-180.00
-200.00
-223.00
-262.00
-325.00
-381.00
-378.00
-362.00
-324.00
-332.00
-319.00
-349.00
-361.00
-333.00
-253.00
-195.00
-204.00
-180.00
-191.00
-201.00
-254.00
999999
-222.00
-222.00
-237.00
-307.00
-316.00
-250.00
-270.00
-248.00
-176.00
-225.00
-203.00
-196.00
-180.00
-182.00
-156.00
-128.00
-135.00
-115.00
-119.00
-111.00
-165.00
-214.00
-206.00
-279.00
-306.00
-297.00
-371.00
-374.00
-382.00
-441.00
-429.00
-386.00
-406.00
-346.00
-262.00
-183.00
-145.00
-128.00
-124.00
999999
-196.00
-196.00
-196.00
-210.00
-264.00
-356.00
-361.00
-256.00
-207.00
-164.00
-146.00
-143.00
-126.00
-141.00
-129.00
-96.00
-114.00
-46.00
-74.00
-58.00
-91.00
-145.00
-209.00
-260.00
-337.00
-438.00
-444.00
-415.00
-345.00
-285.00
-267.00
-260.00
-332.00
-399.00
-367.00
-282.00
-246.00
-163.00
-118.00
-128.00
-127.00
-149.00
999999
-165.00
-165.00
-165.00
-169.00
-302.00
-291.00
-221.00
-257.00
-205.00
-189.00
-212.00
-193.00
-205.00
-194.00
-192.00
-184.00
-162.00
-179.00
-161.00
-158.00
-139.00
-142.00
-164.00
-209.00
-271.00
-265.00
-289.00
-342.00
-337.00
-351.00
-350.00
-310.00
-309.00
-285.00
-332.00
-352.00
-316.00
-274.00
-231.00
-198.00
-201.00
-207.00
-215.00
-203.00
999999
-204.00
-228.00
-228.00
-317.00
-341.00
-302.00
-268.00
-244.00
-177.00
-157.00
-139.00
-145.00
-162.00
-132.00
-157.00
-138.00
-130.00
-126.00
-136.00
-118.00
-133.00
-215.00
-215.00
-249.00
-296.00
-306.00
-318.00
-329.00
-309.00
-305.00
-362.00
-350.00
-330.00
-283.00
-222.00
-195.00
-162.00
999999
144.00
144.00
144.00
135.00
79.00
28.00
108.00
162.00
233.00
264.00
327.00
355.00
350.00
345.00
296.00
287.00
266.00
242.00
259.00
273.00
261.00
247.00
225.00
206.00
204.00
221.00
210.00
203.00
195.00
197.00
190.00
177.00
147.00
125.00
116.00
103.00
160.00
247.00
302.00
300.00
337.00
338.00
999999
201.00
201.00
221.00
174.00
152.00
163.00
165.00
236.00
243.00
267.00
248.00
297.00
310.00
323.00
315.00
306.00
276.00
262.00
219.00
241.00
250.00
268.00
264.00
263.00
255.00
237.00
246.00
246.00
252.00
254.00
258.00
250.00
233.00
215.00
183.00
181.00
162.00
168.00
209.00
273.00
281.00
284.00
303.00
319.00
339.00
323.00
999999
153.00
153.00
153.00
117.00
80.00
3.00
-23.00
107.00
240.00
307.00
313.00
370.00
379.00
368.00
321.00
301.00
230.00
209.00
235.00
241.00
251.00
251.00
246.00
245.00
245.00
249.00
261.00
269.00
237.00
211.00
177.00
152.00
129.00
101.00
80.00
83.00
182.00
246.00
314.00
314.00
339.00
999999
241.00
241.00
231.00
195.00
238.00
315.00
252.00
278.00
270.00
310.00
338.00
317.00
280.00
264.00
271.00
268.00
220.00
234.00
221.00
219.00
234.00
204.00
222.00
241.00
279.00
284.00
320.00
306.00
311.00
303.00
288.00
283.00
284.00
263.00
232.00
230.00
216.00
230.00
157.00
278.00
288.00
289.00
314.00
999999
-214.00
-214.00
-214.00
-218.00
-271.00
-338.00
-322.00
-270.00
-225.00
-218.00
-129.00
-150.00
-117.00
-97.00
-101.00
-102.00
-88.00
-72.00
-67.00
-46.00
-31.00
-35.00
-34.00
-67.00
-130.00
-205.00
-310.00
-351.00
-347.00
-326.00
-319.00
-295.00
-315.00
-355.00
-388.00
-407.00
-276.00
-163.00
-108.00
-64.00
-57.00
-55.00
-75.00
999999
-218.00
-218.00
-222.00
-267.00
-361.00
-353.00
-308.00
-246.00
-226.00
-196.00
-175.00
-160.00
-163.00
-171.00
-133.00
-131.00
-127.00
-108.00
-128.00
-123.00
-140.00
-143.00
-172.00
-223.00
-255.00
-299.00
-324.00
-373.00
-363.00
-343.00
-320.00
-320.00
-334.00
-323.00
-305.00
-268.00
-194.00
-163.00
-154.00
-145.00
999999
-195.00
-189.00
-189.00
-288.00
-388.00
-337.00
-334.00
-264.00
-173.00
-184.00
-135.00
-120.00
-109.00
-130.00
-85.00
-85.00
-90.00
-74.00
-91.00
-83.00
-120.00
-138.00
-176.00
-197.00
-254.00
-281.00
-302.00
-337.00
-365.00
-337.00
-352.00
-302.00
-284.00
-275.00
-289.00
-295.00
-325.00
-309.00
-279.00
-191.00
-166.00
-155.00
-138.00
-139.00
999999
-211.00
-211.00
-233.00
-282.00
-281.00
-332.00
-269.00
-265.00
-224.00
-193.00
-172.00
-175.00
-125.00
-150.00
-130.00
-110.00
-124.00
-133.00
-137.00
-118.00
-132.00
-112.00
-167.00
-188.00
-233.00
-251.00
-280.00
-332.00
-351.00
-335.00
-324.00
-295.00
-285.00
-269.00
-259.00
-279.00
-296.00
-335.00
-300.00
-224.00
-221.00
-160.00
-156.00
-163.00
-179.00
999999
173.00
159.00
159.00
102.00
30.00
3.00
160.00
254.00
274.00
325.00
363.00
348.00
340.00
328.00
305.00
259.00
254.00
249.00
246.00
252.00
254.00
256.00
221.00
208.00
232.00
218.00
239.00
254.00
281.00
272.00
257.00
270.00
233.00
213.00
182.00
178.00
147.00
112.00
134.00
205.00
262.00
298.00
324.00
342.00
336.00
325.00
336.00
300.00
999999
256.00
256.00
289.00
313.00
370.00
221.00
310.00
199.00
267.00
258.00
246.00
207.00
246.00
222.00
205.00
208.00
166.00
191.00
202.00
209.00
201.00
193.00
239.00
240.00
306.00
296.00
335.00
312.00
300.00
275.00
260.00
268.00
254.00
261.00
230.00
207.00
183.00
356.00
240.00
299.00
301.00
317.00
331.00
334.00
275.00
287.00
999999
196.00
212.00
212.00
146.00
134.00
114.00
143.00
140.00
210.00
295.00
283.00
287.00
242.00
236.00
207.00
184.00
187.00
166.00
176.00
175.00
204.00
186.00
189.00
213.00
212.00
205.00
199.00
192.00
192.00
228.00
251.00
245.00
250.00
246.00
250.00
247.00
226.00
217.00
224.00
205.00
233.00
251.00
253.00
999999
161.00
161.00
161.00
146.00
167.00
145.00
150.00
210.00
214.00
263.00
257.00
259.00
234.00
213.00
180.00
177.00
164.00
193.00
184.00
192.00
215.00
194.00
196.00
197.00
215.00
217.00
231.00
229.00
202.00
243.00
242.00
249.00
244.00
227.00
220.00
223.00
204.00
227.00
209.00
230.00
230.00
260.00
266.00
264.00
256.00
244.00
999999
175.00
175.00
159.00
176.00
171.00
166.00
166.00
177.00
123.00
147.00
154.00
194.00
226.00
265.00
270.00
262.00
239.00
193.00
173.00
171.00
186.00
205.00
224.00
232.00
215.00
208.00
207.00
214.00
220.00
226.00
245.00
258.00
278.00
278.00
262.00
228.00
223.00
203.00
196.00
196.00
201.00
210.00
199.00
215.00
249.00
255.00
263.00
260.00
999999
258.00
258.00
258.00
285.00
242.00
265.00
241.00
258.00
261.00
248.00
232.00
236.00
243.00
243.00
217.00
219.00
192.00
183.00
196.00
222.00
245.00
270.00
291.00
277.00
265.00
216.00
211.00
216.00
237.00
281.00
302.00
304.00
297.00
276.00
260.00
245.00
240.00
241.00
189.00
212.00
235.00
291.00
313.00
302.00
288.00
288.00
999999
172.00
166.00
166.00
154.00
176.00
236.00
245.00
242.00
264.00
241.00
313.00
275.00
287.00
267.00
250.00
233.00
212.00
207.00
204.00
223.00
217.00
219.00
217.00
217.00
223.00
203.00
208.00
219.00
269.00
295.00
328.00
320.00
279.00
267.00
242.00
243.00
227.00
221.00
220.00
213.00
264.00
275.00
291.00
303.00
303.00
999999
139.00
120.00
120.00
137.00
176.00
256.00
242.00
250.00
289.00
295.00
288.00
288.00
242.00
228.00
196.00
177.00
204.00
191.00
191.00
182.00
204.00
210.00
212.00
233.00
238.00
262.00
257.00
251.00
246.00
246.00
263.00
246.00
231.00
229.00
218.00
216.00
224.00
221.00
201.00
183.00
218.00
270.00
292.00
303.00
292.00
293.00
999999
-179.00
-188.00
-188.00
-211.00
-274.00
-346.00
-330.00
-255.00
-252.00
-189.00
-207.00
-188.00
-210.00
-192.00
-182.00
-187.00
-150.00
-141.00
-125.00
-107.00
-95.00
-115.00
-131.00
-209.00
-266.00
-372.00
-451.00
-447.00
-428.00
-387.00
-319.00
-329.00
-378.00
-354.00
-293.00
-199.00
-145.00
-165.00
-161.00
-187.00
-203.00
-214.00
-258.00
999999
132.00
132.00
134.00
107.00
134.00
245.00
253.00
264.00
262.00
276.00
260.00
245.00
247.00
227.00
207.00
198.00
219.00
228.00
239.00
231.00
243.00
240.00
196.00
210.00
204.00
225.00
269.00
277.00
294.00
263.00
253.00
241.00
203.00
185.00
197.00
182.00
176.00
210.00
209.00
253.00
249.00
250.00
261.00
314.00
321.00
319.00
999999
209.00
209.00
209.00
199.00
170.00
193.00
227.00
204.00
201.00
231.00
231.00
259.00
270.00
259.00
251.00
244.00
230.00
218.00
224.00
215.00
228.00
229.00
226.00
224.00
227.00
248.00
256.00
260.00
240.00
223.00
227.00
233.00
254.00
272.00
271.00
290.00
275.00
271.00
259.00
253.00
246.00
235.00
220.00
217.00
222.00
226.00
237.00
255.00
263.00
286.00
293.00
304.00
999999
222.00
232.00
232.00
193.00
204.00
194.00
172.00
153.00
191.00
184.00
206.00
230.00
223.00
277.00
278.00
284.00
267.00
250.00
246.00
230.00
226.00
226.00
222.00
231.00
212.00
215.00
224.00
223.00
237.00
261.00
267.00
293.00
269.00
258.00
247.00
232.00
216.00
237.00
235.00
254.00
254.00
257.00
254.00
243.00
234.00
229.00
220.00
202.00
227.00
218.00
265.00
274.00
272.00
279.00
291.00
293.00
319.00
304.00
999999
194.00
194.00
172.00
146.00
157.00
207.00
181.00
190.00
208.00
232.00
269.00
279.00
285.00
270.00
260.00
238.00
237.00
240.00
235.00
221.00
235.00
219.00
226.00
214.00
224.00
236.00
261.00
255.00
221.00
207.00
209.00
246.00
263.00
308.00
293.00
274.00
245.00
237.00
230.00
215.00
210.00
210.00
203.00
195.00
178.00
183.00
245.00
246.00
288.00
321.00
331.00
320.00
294.00
310.00
268.00
999999
179.00
179.00
166.00
182.00
203.00
256.00
244.00
254.00
253.00
209.00
303.00
284.00
301.00
261.00
269.00
237.00
244.00
231.00
224.00
207.00
225.00
222.00
219.00
204.00
217.00
207.00
220.00
233.00
273.00
280.00
298.00
308.00
299.00
285.00
276.00
257.00
241.00
224.00
220.00
206.00
194.00
207.00
211.00
203.00
223.00
252.00
276.00
270.00
297.00
320.00
300.00
306.00
296.00
999999
166.00
154.00
154.00
147.00
186.00
258.00
293.00
187.00
244.00
267.00
290.00
281.00
256.00
248.00
239.00
208.00
220.00
214.00
222.00
220.00
229.00
238.00
234.00
257.00
266.00
309.00
311.00
291.00
276.00
258.00
257.00
232.00
231.00
251.00
252.00
248.00
260.00
256.00
265.00
236.00
204.00
199.00
236.00
283.00
315.00
324.00
317.00
999999
194.00
194.00
189.00
202.00
210.00
182.00
214.00
168.00
203.00
240.00
257.00
270.00
262.00
246.00
242.00
196.00
197.00
205.00
242.00
222.00
223.00
194.00
196.00
186.00
201.00
207.00
228.00
297.00
313.00
341.00
353.00
332.00
321.00
285.00
272.00
258.00
201.00
178.00
152.00
165.00
248.00
333.00
350.00
304.00
286.00
324.00
999999
217.00
217.00
202.00
194.00
172.00
190.00
199.00
188.00
216.00
222.00
241.00
290.00
289.00
292.00
270.00
260.00
261.00
259.00
248.00
254.00
236.00
240.00
233.00
245.00
235.00
258.00
266.00
259.00
292.00
288.00
288.00
282.00
272.00
255.00
246.00
263.00
255.00
269.00
286.00
281.00
270.00
262.00
258.00
271.00
238.00
242.00
245.00
271.00
281.00
286.00
298.00
291.00
999999
232.00
231.00
231.00
193.00
193.00
210.00
171.00
196.00
216.00
230.00
278.00
259.00
298.00
281.00
280.00
284.00
264.00
262.00
240.00
239.00
230.00
218.00
206.00
207.00
223.00
245.00
263.00
276.00
260.00
268.00
267.00
274.00
273.00
298.00
302.00
301.00
313.00
288.00
294.00
262.00
248.00
260.00
229.00
225.00
243.00
255.00
267.00
298.00
308.00
308.00
304.00
999999
202.00
202.00
202.00
183.00
166.00
236.00
292.00
259.00
236.00
263.00
248.00
277.00
269.00
276.00
257.00
255.00
240.00
252.00
219.00
215.00
203.00
210.00
212.00
204.00
196.00
214.00
253.00
258.00
271.00
290.00
310.00
298.00
308.00
324.00
310.00
310.00
300.00
286.00
266.00
256.00
246.00
239.00
215.00
223.00
231.00
257.00
244.00
271.00
274.00
313.00
309.00
299.00
299.00
288.00
298.00
999999
156.00
156.00
156.00
122.00
125.00
139.00
197.00
196.00
255.00
271.00
279.00
286.00
254.00
242.00
242.00
248.00
248.00
237.00
223.00
209.00
220.00
219.00
229.00
188.00
180.00
188.00
190.00
211.00
237.00
272.00
292.00
301.00
317.00
318.00
317.00
314.00
316.00
292.00
275.00
251.00
232.00
197.00
175.00
182.00
200.00
253.00
303.00
301.00
316.00
289.00
294.00
999999
214.00
214.00
214.00
201.00
201.00
173.00
181.00
223.00
247.00
266.00
290.00
276.00
290.00
261.00
253.00
263.00
262.00
252.00
247.00
243.00
235.00
226.00
226.00
208.00
194.00
190.00
189.00
207.00
255.00
297.00
295.00
309.00
310.00
305.00
312.00
295.00
294.00
295.00
284.00
272.00
274.00
281.00
252.00
215.00
205.00
230.00
268.00
281.00
298.00
305.00
293.00
288.00
304.00
999999
203.00
203.00
203.00
173.00
152.00
230.00
275.00
238.00
251.00
233.00
263.00
280.00
276.00
233.00
257.00
233.00
224.00
237.00
237.00
233.00
227.00
213.00
228.00
225.00
266.00
275.00
315.00
322.00
330.00
349.00
315.00
286.00
266.00
230.00
227.00
240.00
238.00
274.00
281.00
284.00
278.00
258.00
274.00
292.00
308.00
999999
194.00
194.00
186.00
172.00
136.00
148.00
193.00
206.00
242.00
223.00
276.00
259.00
254.00
268.00
267.00
265.00
270.00
273.00
257.00
247.00
222.00
195.00
204.00
196.00
213.00
235.00
271.00
280.00
327.00
323.00
316.00
289.00
268.00
236.00
218.00
193.00
190.00
194.00
214.00
241.00
999999
238.00
238.00
238.00
237.00
277.00
263.00
269.00
262.00
266.00
265.00
264.00
254.00
225.00
205.00
188.00
179.00
208.00
202.00
211.00
225.00
241.00
246.00
255.00
246.00
268.00
282.00
282.00
283.00
265.00
267.00
256.00
254.00
240.00
260.00
248.00
254.00
249.00
256.00
240.00
243.00
234.00
239.00
261.00
259.00
272.00
285.00
269.00
293.00
285.00
289.00
284.00
999999
91.00
91.00
76.00
64.00
-36.00
-154.00
-342.00
-292.00
-152.00
28.00
141.00
237.00
270.00
281.00
263.00
188.00
179.00
153.00
127.00
126.00
158.00
218.00
258.00
250.00
275.00
240.00
192.00
36.00
-3.00
-62.00
-120.00
-144.00
-127.00
-117.00
-119.00
-124.00
-181.00
-309.00
-345.00
-182.00
-111.00
70.00
227.00
316.00
336.00
301.00
999999
68.00
68.00
68.00
19.00
-80.00
-192.00
-340.00
-335.00
-196.00
34.00
98.00
251.00
255.00
302.00
246.00
189.00
167.00
170.00
137.00
190.00
245.00
220.00
204.00
173.00
128.00
54.00
-54.00
-86.00
-107.00
-130.00
-179.00
-229.00
-262.00
-330.00
-305.00
-94.00
138.00
292.00
354.00
346.00
287.00
999999
15.00
15.00
15.00
5.00
-93.00
-189.00
-324.00
-262.00
-102.00
97.00
189.00
177.00
194.00
165.00
167.00
131.00
129.00
126.00
114.00
86.00
108.00
127.00
148.00
143.00
122.00
139.00
168.00
158.00
114.00
66.00
24.00
3.00
-53.00
-99.00
-61.00
-70.00
-88.00
-103.00
-157.00
-222.00
-298.00
-239.00
-115.00
26.00
135.00
232.00
271.00
234.00
188.00
126.00
999999
-152.00
-152.00
-152.00
38.00
146.00
186.00
195.00
206.00
196.00
154.00
126.00
97.00
70.00
25.00
18.00
26.00
19.00
59.00
46.00
63.00
94.00
112.00
134.00
149.00
169.00
166.00
187.00
159.00
110.00
51.00
-5.00
-93.00
-111.00
-101.00
-135.00
-94.00
-68.00
-43.00
-21.00
-55.00
-98.00
-182.00
-231.00
-207.00
-32.00
103.00
181.00
241.00
258.00
246.00
207.00
151.00
999999
-485.00
-485.00
-485.00
-428.00
-178.00
69.00
219.00
242.00
235.00
238.00
195.00
152.00
123.00
108.00
75.00
82.00
94.00
114.00
158.00
179.00
211.00
174.00
159.00
177.00
141.00
81.00
-9.00
-56.00
-118.00
-135.00
-103.00
-109.00
-96.00
-61.00
-25.00
-24.00
-71.00
-141.00
-221.00
-266.00
-200.00
-31.00
115.00
202.00
284.00
256.00
232.00
180.00
136.00
999999
50.00
50.00
50.00
-11.00
-79.00
-174.00
-307.00
-283.00
-193.00
-41.00
54.00
127.00
175.00
191.00
187.00
146.00
100.00
74.00
64.00
49.00
65.00
72.00
104.00
140.00
174.00
205.00
135.00
108.00
74.00
40.00
-22.00
-97.00
-107.00
-114.00
-125.00
-119.00
-119.00
-96.00
-109.00
-154.00
-211.00
-217.00
-190.00
-59.00
88.00
190.00
234.00
228.00
180.00
145.00
118.00
999999
-208.00
-208.00
-208.00
-238.00
-268.00
-359.00
-447.00
-391.00
-285.00
-256.00
-184.00
-186.00
-148.00
-153.00
-141.00
-153.00
-133.00
-121.00
-117.00
-118.00
-132.00
-114.00
-164.00
-179.00
-212.00
-258.00
-314.00
-345.00
-392.00
-399.00
-399.00
-383.00
-363.00
-350.00
-312.00
-304.00
-291.00
-271.00
-189.00
-192.00
-190.00
-191.00
-183.00
-204.00
999999
-201.00
-201.00
-238.00
-285.00
-393.00
-453.00
-262.00
-203.00
-192.00
-174.00
-202.00
-219.00
-178.00
-166.00
-146.00
-182.00
-169.00
-185.00
-202.00
-251.00
-258.00
-314.00
-301.00
-348.00
-345.00
-330.00
-316.00
-291.00
-306.00
-317.00
-330.00
-313.00
-276.00
-238.00
-245.00
-236.00
-264.00
-233.00
-258.00
999999
192.00
192.00
192.00
212.00
215.00
183.00
208.00
171.00
192.00
215.00
265.00
266.00
279.00
272.00
263.00
246.00
257.00
225.00
212.00
229.00
208.00
224.00
201.00
235.00
246.00
272.00
280.00
270.00
292.00
310.00
297.00
295.00
249.00
259.00
244.00
213.00
243.00
238.00
234.00
259.00
308.00
294.00
309.00
309.00
999999
183.00
183.00
127.00
160.00
168.00
217.00
215.00
227.00
291.00
301.00
316.00
327.00
311.00
300.00
275.00
274.00
242.00
236.00
236.00
207.00
209.00
210.00
213.00
225.00
240.00
287.00
300.00
325.00
323.00
320.00
329.00
308.00
287.00
291.00
244.00
254.00
265.00
237.00
236.00
247.00
250.00
263.00
273.00
296.00
327.00
336.00
317.00
310.00
290.00
274.00
277.00
999999
224.00
224.00
224.00
193.00
210.00
233.00
263.00
270.00
275.00
278.00
318.00
305.00
302.00
273.00
296.00
257.00
260.00
247.00
219.00
227.00
227.00
234.00
243.00
230.00
237.00
220.00
230.00
233.00
253.00
292.00
344.00
336.00
361.00
355.00
320.00
273.00
251.00
249.00
224.00
220.00
214.00
233.00
279.00
305.00
335.00
327.00
300.00
281.00
999999
212.00
232.00
232.00
219.00
225.00
247.00
260.00
271.00
311.00
290.00
282.00
304.00
280.00
298.00
280.00
263.00
267.00
248.00
228.00
214.00
208.00
228.00
226.00
223.00
239.00
268.00
285.00
307.00
361.00
331.00
301.00
274.00
237.00
247.00
264.00
292.00
300.00
293.00
301.00
291.00
265.00
261.00
257.00
251.00
247.00
251.00
260.00
262.00
282.00
296.00
297.00
300.00
304.00
999999
196.00
196.00
196.00
188.00
225.00
219.00
265.00
284.00
291.00
317.00
356.00
325.00
318.00
326.00
299.00
290.00
256.00
235.00
234.00
236.00
227.00
218.00
203.00
194.00
192.00
213.00
263.00
319.00
351.00
340.00
324.00
357.00
308.00
312.00
304.00
280.00
257.00
257.00
228.00
218.00
212.00
197.00
211.00
245.00
253.00
296.00
269.00
307.00
344.00
352.00
335.00
300.00
291.00
999999
166.00
142.00
142.00
174.00
229.00
280.00
276.00
255.00
285.00
287.00
287.00
295.00
289.00
262.00
250.00
229.00
228.00
208.00
200.00
208.00
205.00
222.00
214.00
232.00
243.00
258.00
295.00
327.00
350.00
353.00
328.00
306.00
273.00
243.00
225.00
192.00
172.00
197.00
226.00
279.00
297.00
332.00
323.00
303.00
290.00
999999
230.00
228.00
228.00
193.00
171.00
205.00
199.00
265.00
258.00
264.00
286.00
320.00
307.00
301.00
293.00
295.00
268.00
279.00
263.00
243.00
241.00
223.00
241.00
222.00
207.00
190.00
192.00
244.00
228.00
257.00
261.00
303.00
364.00
340.00
332.00
314.00
278.00
254.00
227.00
197.00
186.00
192.00
207.00
192.00
228.00
229.00
276.00
328.00
328.00
336.00
323.00
313.00
306.00
999999
230.00
211.00
211.00
193.00
164.00
128.00
28.00
11.00
50.00
100.00
183.00
251.00
285.00
316.00
327.00
331.00
310.00
289.00
281.00
255.00
244.00
230.00
215.00
225.00
233.00
230.00
243.00
284.00
306.00
350.00
348.00
316.00
316.00
264.00
113.00
153.00
90.00
134.00
161.00
169.00
168.00
164.00
132.00
102.00
92.00
160.00
234.00
305.00
343.00
361.00
362.00
340.00
313.00
286.00
999999
84.00
84.00
84.00
54.00
28.00
47.00
160.00
234.00
327.00
350.00
360.00
342.00
333.00
292.00
273.00
283.00
277.00
252.00
241.00
225.00
248.00
252.00
235.00
233.00
267.00
276.00
271.00
294.00
286.00
267.00
253.00
251.00
230.00
195.00
166.00
115.00
140.00
127.00
171.00
246.00
269.00
348.00
395.00
386.00
354.00
308.00
300.00
999999
145.00
145.00
146.00
183.00
156.00
149.00
179.00
185.00
230.00
298.00
306.00
325.00
338.00
313.00
307.00
287.00
262.00
245.00
239.00
233.00
256.00
240.00
243.00
249.00
239.00
239.00
250.00
244.00
247.00
282.00
321.00
284.00
280.00
265.00
194.00
172.00
156.00
102.00
128.00
153.00
212.00
270.00
334.00
378.00
363.00
342.00
325.00
320.00
999999
212.00
212.00
211.00
193.00
211.00
205.00
167.00
184.00
184.00
234.00
262.00
293.00
325.00
345.00
326.00
317.00
299.00
293.00
279.00
246.00
234.00
224.00
215.00
205.00
203.00
192.00
234.00
270.00
262.00
267.00
298.00
341.00
333.00
309.00
316.00
272.00
228.00
208.00
192.00
163.00
154.00
181.00
190.00
258.00
296.00
320.00
343.00
348.00
330.00
321.00
313.00
999999
179.00
152.00
152.00
116.00
94.00
61.00
91.00
196.00
245.00
322.00
347.00
372.00
343.00
316.00
306.00
286.00
282.00
249.00
237.00
216.00
203.00
232.00
205.00
224.00
234.00
230.00
245.00
266.00
317.00
307.00
330.00
345.00
277.00
275.00
260.00
225.00
217.00
215.00
190.00
189.00
189.00
196.00
191.00
234.00
256.00
298.00
305.00
327.00
340.00
335.00
310.00
302.00
999999
211.00
188.00
188.00
141.00
115.00
117.00
190.00
249.00
297.00
364.00
342.00
345.00
320.00
309.00
282.00
256.00
259.00
243.00
247.00
234.00
237.00
238.00
254.00
281.00
288.00
279.00
286.00
257.00
265.00
301.00
304.00
266.00
298.00
241.00
223.00
205.00
177.00
217.00
246.00
204.00
237.00
218.00
211.00
257.00
306.00
325.00
354.00
355.00
331.00
320.00
274.00
999999
170.00
170.00
170.00
173.00
199.00
190.00
208.00
247.00
256.00
254.00
275.00
301.00
325.00
314.00
274.00
261.00
239.00
219.00
221.00
224.00
240.00
249.00
238.00
258.00
266.00
288.00
296.00
309.00
315.00
299.00
288.00
311.00
282.00
230.00
221.00
181.00
154.00
189.00
185.00
191.00
205.00
259.00
270.00
316.00
339.00
351.00
343.00
333.00
999999
194.00
194.00
194.00
170.00
169.00
185.00
213.00
193.00
208.00
231.00
275.00
331.00
318.00
318.00
303.00
280.00
271.00
240.00
236.00
223.00
236.00
251.00
246.00
250.00
282.00
267.00
257.00
278.00
271.00
301.00
312.00
258.00
270.00
240.00
181.00
192.00
190.00
166.00
189.00
184.00
242.00
311.00
357.00
373.00
366.00
334.00
999999
210.00
224.00
224.00
202.00
183.00
175.00
164.00
140.00
189.00
222.00
254.00
296.00
300.00
317.00
294.00
271.00
261.00
256.00
254.00
245.00
226.00
240.00
229.00
198.00
208.00
244.00
237.00
259.00
294.00
283.00
325.00
324.00
330.00
317.00
298.00
248.00
208.00
206.00
168.00
164.00
162.00
188.00
237.00
280.00
341.00
331.00
334.00
341.00
325.00
306.00
999999
214.00
214.00
214.00
217.00
236.00
254.00
275.00
289.00
320.00
309.00
309.00
294.00
270.00
245.00
237.00
199.00
213.00
207.00
226.00
259.00
272.00
281.00
272.00
291.00
266.00
243.00
249.00
270.00
246.00
281.00
285.00
255.00
246.00
244.00
214.00
205.00
235.00
192.00
236.00
259.00
262.00
293.00
310.00
299.00
317.00
317.00
291.00
999999
206.00
206.00
206.00
192.00
184.00
187.00
204.00
237.00
246.00
264.00
256.00
285.00
305.00
300.00
300.00
307.00
288.00
274.00
239.00
217.00
223.00
245.00
221.00
220.00
252.00
260.00
312.00
317.00
348.00
338.00
316.00
336.00
246.00
225.00
213.00
139.00
150.00
160.00
196.00
242.00
292.00
305.00
334.00
356.00
325.00
328.00
313.00
999999
187.00
194.00
194.00
160.00
130.00
104.00
89.00
116.00
155.00
243.00
297.00
333.00
347.00
346.00
330.00
309.00
288.00
273.00
239.00
239.00
241.00
235.00
236.00
256.00
254.00
236.00
246.00
277.00
300.00
323.00
310.00
310.00
280.00
210.00
182.00
190.00
168.00
154.00
192.00
166.00
186.00
305.00
337.00
364.00
362.00
355.00
329.00
296.00
999999
207.00
261.00
261.00
200.00
179.00
179.00
153.00
200.00
234.00
234.00
257.00
260.00
305.00
301.00
302.00
295.00
274.00
256.00
234.00
227.00
216.00
223.00
231.00
241.00
251.00
258.00
242.00
278.00
249.00
287.00
295.00
271.00
299.00
253.00
225.00
235.00
187.00
145.00
134.00
148.00
201.00
245.00
303.00
320.00
318.00
327.00
319.00
285.00
999999
218.00
216.00
216.00
181.00
157.00
155.00
151.00
205.00
210.00
253.00
285.00
320.00
300.00
322.00
336.00
291.00
302.00
272.00
226.00
219.00
226.00
227.00
234.00
237.00
276.00
296.00
291.00
309.00
301.00
303.00
280.00
261.00
235.00
192.00
188.00
175.00
135.00
189.00
167.00
224.00
264.00
312.00
359.00
354.00
333.00
304.00
291.00
999999
289.00
289.00
289.00
306.00
314.00
294.00
255.00
246.00
252.00
236.00
213.00
225.00
222.00
227.00
240.00
224.00
205.00
196.00
207.00
242.00
259.00
270.00
324.00
322.00
310.00
312.00
265.00
221.00
247.00
227.00
200.00
197.00
183.00
205.00
206.00
217.00
240.00
230.00
259.00
257.00
265.00
278.00
308.00
321.00
317.00
312.00
291.00
284.00
257.00
999999
151.00
151.00
113.00
58.00
20.00
-6.00
57.00
122.00
163.00
179.00
251.00
263.00
315.00
292.00
282.00
273.00
255.00
243.00
240.00
264.00
274.00
286.00
286.00
269.00
224.00
186.00
142.00
143.00
179.00
192.00
179.00
193.00
195.00
175.00
167.00
116.00
90.00
64.00
36.00
46.00
75.00
132.00
210.00
278.00
336.00
385.00
404.00
999999
182.00
182.00
197.00
154.00
153.00
122.00
187.00
125.00
217.00
252.00
269.00
278.00
322.00
294.00
287.00
284.00
256.00
241.00
192.00
200.00
208.00
209.00
245.00
262.00
232.00
245.00
263.00
303.00
289.00
262.00
257.00
220.00
190.00
186.00
175.00
154.00
190.00
218.00
272.00
299.00
321.00
339.00
323.00
330.00
322.00
999999
229.00
229.00
229.00
167.00
181.00
172.00
254.00
305.00
281.00
248.00
284.00
315.00
299.00
281.00
277.00
272.00
255.00
253.00
236.00
202.00
241.00
245.00
226.00
227.00
229.00
266.00
268.00
300.00
296.00
315.00
291.00
288.00
283.00
265.00
244.00
245.00
244.00
214.00
237.00
221.00
235.00
238.00
253.00
278.00
296.00
335.00
328.00
315.00
318.00
290.00
999999
243.00
270.00
270.00
250.00
274.00
285.00
287.00
362.00
313.00
283.00
197.00
250.00
241.00
240.00
259.00
238.00
219.00
228.00
203.00
176.00
218.00
252.00
231.00
260.00
258.00
305.00
332.00
320.00
316.00
315.00
296.00
287.00
319.00
294.00
283.00
276.00
267.00
257.00
265.00
256.00
258.00
271.00
293.00
298.00
321.00
306.00
999999
-176.00
-176.00
-176.00
-196.00
-59.00
77.00
194.00
242.00
306.00
281.00
302.00
290.00
279.00
250.00
195.00
191.00
167.00
195.00
224.00
258.00
256.00
251.00
231.00
146.00
93.00
60.00
47.00
30.00
17.00
12.00
-11.00
-38.00
-64.00
-80.00
-85.00
-11.00
119.00
204.00
275.00
308.00
315.00
295.00
999999
-59.00
-59.00
-75.00
-189.00
-356.00
-311.00
-131.00
-13.00
63.00
184.00
254.00
285.00
264.00
243.00
203.00
176.00
151.00
130.00
158.00
188.00
227.00
209.00
214.00
197.00
160.00
105.00
58.00
3.00
-48.00
-57.00
-79.00
-104.00
-160.00
-171.00
-197.00
-120.00
-34.00
117.00
226.00
277.00
292.00
277.00
999999
-51.00
-84.00
-84.00
-122.00
-204.00
-252.00
-246.00
-134.00
-21.00
118.00
163.00
242.00
233.00
199.00
191.00
168.00
151.00
133.00
130.00
133.00
161.00
173.00
203.00
190.00
196.00
167.00
122.00
43.00
-2.00
-49.00
-103.00
-130.00
-154.00
-187.00
-213.00
-221.00
-167.00
-33.00
82.00
204.00
242.00
254.00
239.00
211.00
156.00
999999
184.00
184.00
184.00
167.00
168.00
187.00
201.00
168.00
256.00
292.00
285.00
261.00
304.00
290.00
281.00
277.00
260.00
249.00
223.00
206.00
213.00
221.00
233.00
255.00
260.00
261.00
248.00
282.00
280.00
282.00
233.00
209.00
208.00
157.00
120.00
92.00
110.00
169.00
238.00
290.00
329.00
350.00
368.00
340.00
336.00
999999
-208.00
-263.00
-263.00
-248.00
-361.00
-447.00
-382.00
-309.00
-237.00
-153.00
-133.00
-98.00
-111.00
-102.00
-93.00
-109.00
-112.00
-100.00
-121.00
-85.00
-98.00
-60.00
-108.00
-134.00
-225.00
-270.00
-331.00
-383.00
-371.00
-348.00
-381.00
-362.00
-416.00
-422.00
-415.00
-320.00
-261.00
-156.00
-132.00
-95.00
-95.00
-142.00
-160.00
-175.00
-180.00
999999
254.00
256.00
256.00
208.00
264.00
322.00
265.00
294.00
223.00
241.00
246.00
274.00
278.00
279.00
279.00
254.00
228.00
212.00
213.00
182.00
198.00
215.00
227.00
226.00
237.00
271.00
314.00
296.00
273.00
255.00
253.00
227.00
217.00
200.00
175.00
167.00
199.00
252.00
307.00
307.00
331.00
350.00
309.00
311.00
999999
181.00
181.00
177.00
170.00
161.00
152.00
177.00
239.00
239.00
279.00
307.00
293.00
287.00
306.00
288.00
270.00
259.00
222.00
193.00
165.00
174.00
194.00
228.00
232.00
292.00
309.00
341.00
325.00
285.00
265.00
242.00
237.00
205.00
207.00
235.00
298.00
291.00
308.00
313.00
334.00
317.00
289.00
999999
157.00
157.00
156.00
173.00
111.00
184.00
236.00
209.00
251.00
294.00
269.00
280.00
280.00
276.00
288.00
271.00
233.00
240.00
228.00
237.00
221.00
241.00
242.00
260.00
271.00
285.00
288.00
280.00
284.00
275.00
257.00
230.00
227.00
213.00
191.00
184.00
195.00
204.00
256.00
278.00
312.00
312.00
340.00
320.00
323.00
999999
119.00
119.00
96.00
140.00
163.00
228.00
258.00
211.00
236.00
262.00
276.00
277.00
275.00
269.00
253.00
257.00
257.00
234.00
231.00
242.00
243.00
226.00
238.00
230.00
254.00
267.00
267.00
277.00
295.00
297.00
307.00
277.00
269.00
214.00
229.00
205.00
208.00
238.00
261.00
282.00
337.00
327.00
318.00
304.00
999999
15.00
15.00
0.00
-37.00
-167.00
-304.00
-283.00
-139.00
-48.00
56.00
123.00
211.00
255.00
232.00
211.00
216.00
190.00
193.00
194.00
195.00
211.00
204.00
197.00
140.00
90.00
32.00
-7.00
-53.00
-61.00
-62.00
-109.00
-166.00
-207.00
-210.00
-183.00
-97.00
25.00
157.00
218.00
267.00
278.00
239.00
191.00
999999
-119.00
-119.00
-119.00
-188.00
-282.00
-281.00
-172.00
-38.00
17.00
142.00
223.00
243.00
234.00
206.00
201.00
177.00
189.00
169.00
175.00
204.00
203.00
190.00
136.00
92.00
46.00
-17.00
-64.00
-105.00
-107.00
-153.00
-243.00
-279.00
-265.00
-156.00
-41.00
95.00
185.00
237.00
252.00
214.00
999999
-186.00
-186.00
-186.00
-203.00
-247.00
-357.00
-366.00
-244.00
-239.00
-209.00
-169.00
-161.00
-179.00
-177.00
-130.00
-141.00
-110.00
-108.00
-91.00
-94.00
-105.00
-149.00
-208.00
-315.00
-349.00
-379.00
-392.00
-395.00
-367.00
-368.00
-362.00
-373.00
-367.00
-323.00
-247.00
-216.00
-178.00
-164.00
-142.00
-175.00
-191.00
-228.00
-200.00
999999
225.00
225.00
232.00
225.00
216.00
192.00
186.00
176.00
199.00
223.00
256.00
216.00
295.00
287.00
267.00
295.00
282.00
250.00
246.00
218.00
227.00
228.00
233.00
234.00
278.00
262.00
262.00
244.00
229.00
219.00
183.00
156.00
104.00
91.00
58.00
95.00
143.00
204.00
280.00
339.00
360.00
355.00
334.00
299.00
276.00
999999
200.00
200.00
200.00
157.00
120.00
62.00
138.00
245.00
186.00
226.00
270.00
331.00
319.00
334.00
313.00
304.00
276.00
263.00
251.00
244.00
233.00
215.00
213.00
238.00
250.00
245.00
276.00
270.00
319.00
281.00
248.00
229.00
215.00
148.00
153.00
153.00
200.00
272.00
326.00
348.00
329.00
347.00
348.00
336.00
297.00
284.00
999999
274.00
274.00
262.00
235.00
199.00
204.00
241.00
338.00
312.00
240.00
307.00
292.00
259.00
259.00
263.00
203.00
203.00
221.00
206.00
190.00
223.00
248.00
246.00
284.00
326.00
345.00
339.00
314.00
295.00
272.00
253.00
231.00
193.00
256.00
249.00
272.00
289.00
321.00
306.00
293.00
309.00
294.00
999999
-23.00
-23.00
-44.00
-129.00
-247.00
-363.00
-264.00
-26.00
116.00
206.00
250.00
293.00
303.00
253.00
241.00
234.00
228.00
220.00
226.00
223.00
225.00
186.00
100.00
28.00
-34.00
-64.00
-122.00
-119.00
-133.00
-197.00
-278.00
-334.00
-209.00
-10.00
160.00
251.00
305.00
308.00
246.00
158.00
999999
164.00
153.00
153.00
179.00
183.00
209.00
243.00
266.00
199.00
251.00
292.00
276.00
283.00
270.00
261.00
241.00
255.00
235.00
236.00
271.00
261.00
239.00
240.00
255.00
264.00
294.00
284.00
274.00
256.00
255.00
216.00
180.00
159.00
174.00
162.00
172.00
233.00
309.00
335.00
330.00
353.00
352.00
999999
306.00
306.00
306.00
305.00
264.00
303.00
311.00
283.00
299.00
272.00
293.00
257.00
255.00
234.00
249.00
219.00
194.00
192.00
237.00
240.00
284.00
304.00
318.00
323.00
320.00
290.00
271.00
230.00
208.00
190.00
194.00
201.00
200.00
202.00
232.00
277.00
285.00
288.00
307.00
310.00
318.00
309.00
295.00
999999
40.00
40.00
19.00
-59.00
-167.00
-272.00
-238.00
-90.00
45.00
194.00
248.00
255.00
270.00
269.00
238.00
197.00
170.00
177.00
199.00
222.00
247.00
224.00
206.00
150.00
72.00
7.00
-45.00
-76.00
-114.00
-155.00
-155.00
-187.00
-208.00
-176.00
-61.00
70.00
212.00
272.00
278.00
269.00
999999
195.00
195.00
196.00
160.00
169.00
190.00
246.00
225.00
232.00
290.00
299.00
290.00
293.00
301.00
276.00
268.00
280.00
247.00
217.00
214.00
235.00
231.00
224.00
235.00
238.00
262.00
281.00
296.00
272.00
277.00
232.00
231.00
177.00
191.00
189.00
200.00
250.00
321.00
338.00
342.00
354.00
320.00
303.00
309.00
999999
-140.00
-140.00
-140.00
-235.00
-258.00
-222.00
-107.00
-7.00
157.00
195.00
200.00
250.00
232.00
221.00
177.00
175.00
192.00
191.00
237.00
230.00
247.00
192.00
148.00
37.00
-8.00
-63.00
-86.00
-155.00
-195.00
-225.00
-254.00
-242.00
-159.00
26.00
151.00
242.00
296.00
253.00
204.00
999999
205.00
230.00
230.00
184.00
186.00
102.00
58.00
132.00
212.00
255.00
277.00
306.00
298.00
322.00
326.00
287.00
251.00
252.00
223.00
226.00
225.00
252.00
273.00
288.00
258.00
240.00
242.00
255.00
263.00
223.00
214.00
197.00
143.00
131.00
122.00
110.00
182.00
233.00
295.00
333.00
352.00
332.00
333.00
316.00
999999
-89.00
-80.00
-80.00
-189.00
-286.00
-381.00
-341.00
-224.00
-55.00
79.00
136.00
161.00
168.00
148.00
116.00
97.00
97.00
95.00
122.00
128.00
190.00
182.00
190.00
131.00
66.00
-23.00
-116.00
-163.00
-186.00
-184.00
-187.00
-231.00
-277.00
-318.00
-307.00
-155.00
-12.00
131.00
209.00
229.00
218.00
180.00
999999
-162.00
-162.00
-162.00
-268.00
-365.00
-277.00
-84.00
27.00
109.00
208.00
274.00
260.00
198.00
178.00
159.00
143.00
135.00
110.00
129.00
163.00
180.00
185.00
179.00
185.00
186.00
151.00
114.00
21.00
-16.00
-78.00
-89.00
-79.00
-89.00
-98.00
-92.00
-129.00
-182.00
-261.00
-226.00
-81.00
73.00
191.00
252.00
245.00
229.00
177.00
140.00
999999
216.00
224.00
224.00
188.00
170.00
200.00
209.00
231.00
258.00
249.00
288.00
268.00
295.00
304.00
298.00
287.00
278.00
248.00
227.00
247.00
208.00
229.00
249.00
223.00
221.00
230.00
252.00
269.00
269.00
281.00
253.00
216.00
206.00
204.00
169.00
133.00
135.00
153.00
168.00
263.00
305.00
313.00
347.00
334.00
334.00
999999
36.00
-37.00
-37.00
-45.00
-165.00
-257.00
-325.00
-222.00
-93.00
40.00
158.00
222.00
256.00
249.00
270.00
238.00
186.00
183.00
188.00
191.00
216.00
212.00
226.00
176.00
150.00
86.00
61.00
-7.00
-61.00
-125.00
-145.00
-163.00
-236.00
-271.00
-315.00
-259.00
-102.00
46.00
197.00
257.00
286.00
248.00
195.00
999999
-337.00
-337.00
-337.00
-106.00
17.00
128.00
189.00
316.00
285.00
224.00
200.00
212.00
148.00
76.00
65.00
54.00
78.00
139.00
221.00
247.00
250.00
223.00
185.00
106.00
23.00
-65.00
-125.00
-140.00
-126.00
-126.00
-129.00
-184.00
-260.00
-311.00
-193.00
-24.00
114.00
234.00
284.00
253.00
191.00
171.00
100.00
999999
-91.00
-91.00
-136.00
-176.00
-301.00
-311.00
-286.00
-128.00
-13.00
131.00
208.00
226.00
228.00
238.00
194.00
181.00
175.00
192.00
192.00
223.00
226.00
216.00
187.00
137.00
88.00
1.00
-91.00
-119.00
-137.00
-149.00
-162.00
-187.00
-206.00
-251.00
-274.00
-211.00
-52.00
113.00
223.00
240.00
223.00
194.00
146.00
77.00
999999
-401.00
-401.00
-401.00
-337.00
-357.00
-176.00
-273.00
-187.00
-154.00
-147.00
-127.00
-174.00
-177.00
-179.00
-161.00
-160.00
-122.00
-98.00
-128.00
-125.00
-149.00
-200.00
-243.00
-313.00
-304.00
-322.00
-349.00
-368.00
-333.00
-314.00
-294.00
-238.00
-244.00
-278.00
-321.00
-379.00
-390.00
-313.00
-227.00
-189.00
-164.00
-191.00
-206.00
-178.00
-212.00
999999
224.00
224.00
224.00
162.00
168.00
166.00
186.00
205.00
157.00
191.00
237.00
301.00
336.00
320.00
335.00
295.00
291.00
260.00
261.00
235.00
257.00
245.00
232.00
221.00
242.00
274.00
263.00
245.00
253.00
254.00
244.00
192.00
142.00
103.00
85.00
101.00
181.00
226.00
279.00
339.00
366.00
354.00
360.00
333.00
328.00
316.00
999999
-133.00
-190.00
-190.00
-290.00
-390.00
-404.00
-211.00
-29.00
93.00
186.00
237.00
261.00
232.00
192.00
151.00
140.00
129.00
154.00
166.00
171.00
192.00
190.00
143.00
120.00
57.00
8.00
-71.00
-143.00
-183.00
-194.00
-203.00
-222.00
-264.00
-301.00
-308.00
-251.00
-135.00
23.00
153.00
204.00
238.00
220.00
173.00
999999
168.00
168.00
168.00
126.00
116.00
85.00
115.00
150.00
186.00
234.00
298.00
325.00
354.00
330.00
315.00
286.00
274.00
252.00
222.00
235.00
269.00
256.00
243.00
220.00
252.00
248.00
229.00
245.00
258.00
255.00
225.00
194.00
183.00
159.00
123.00
120.00
127.00
246.00
323.00
358.00
360.00
346.00
321.00
310.00
333.00
999999
172.00
172.00
162.00
129.00
188.00
188.00
198.00
218.00
256.00
267.00
301.00
313.00
303.00
317.00
318.00
301.00
291.00
261.00
248.00
237.00
273.00
251.00
230.00
228.00
228.00
238.00
248.00
252.00
234.00
243.00
212.00
179.00
144.00
118.00
112.00
139.00
226.00
303.00
316.00
354.00
349.00
321.00
318.00
999999
-71.00
-71.00
-71.00
-265.00
-407.00
-353.00
-193.00
14.00
143.00
227.00
240.00
257.00
235.00
197.00
181.00
182.00
162.00
185.00
181.00
196.00
222.00
233.00
192.00
165.00
64.00
-16.00
-65.00
-131.00
-149.00
-159.00
-226.00
-322.00
-353.00
-230.00
-94.00
87.00
246.00
281.00
264.00
228.00
175.00
999999
-113.00
-113.00
-140.00
-203.00
-347.00
-361.00
-285.00
-18.00
73.00
239.00
311.00
363.00
290.00
263.00
217.00
197.00
169.00
182.00
212.00
221.00
224.00
229.00
202.00
131.00
63.00
-18.00
-75.00
-110.00
-121.00
-158.00
-175.00
-218.00
-315.00
-316.00
-185.00
28.00
123.00
283.00
299.00
256.00
211.00
159.00
999999
226.00
226.00
226.00
183.00
182.00
184.00
247.00
288.00
243.00
222.00
314.00
320.00
284.00
256.00
293.00
263.00
234.00
245.00
241.00
256.00
226.00
258.00
231.00
231.00
260.00
270.00
255.00
232.00
232.00
191.00
161.00
111.00
99.00
112.00
179.00
249.00
336.00
371.00
354.00
335.00
346.00
316.00
999999
73.00
80.00
80.00
21.00
-65.00
-247.00
-389.00
-314.00
-197.00
-42.00
132.00
227.00
297.00
307.00
272.00
216.00
192.00
170.00
168.00
184.00
220.00
228.00
213.00
196.00
182.00
127.00
23.00
-52.00
-98.00
-138.00
-125.00
-95.00
-120.00
-154.00
-225.00
-280.00
-224.00
-33.00
136.00
220.00
283.00
310.00
285.00
216.00
999999
86.00
91.00
91.00
50.00
69.00
55.00
131.00
171.00
215.00
258.00
350.00
376.00
363.00
346.00
335.00
311.00
282.00
255.00
279.00
285.00
275.00
259.00
267.00
257.00
248.00
236.00
162.00
133.00
128.00
105.00
101.00
107.00
139.00
172.00
216.00
271.00
333.00
373.00
367.00
320.00
325.00
301.00
999999
-186.00
-186.00
-186.00
-215.00
-308.00
-386.00
-400.00
-308.00
-227.00
-113.00
-82.00
-54.00
-66.00
-62.00
-64.00
-73.00
-24.00
-31.00
7.00
19.00
14.00
7.00
0.00
-52.00
-107.00
-167.00
-210.00
-268.00
-310.00
-314.00
-333.00
-323.00
-355.00
-351.00
-351.00
-371.00
-371.00
-308.00
-225.00
-95.00
-44.00
6.00
11.00
-4.00
-9.00
-12.00
999999
55.00
54.00
54.00
36.00
-8.00
-32.00
105.00
182.00
183.00
227.00
273.00
332.00
300.00
307.00
292.00
283.00
283.00
288.00
268.00
261.00
250.00
256.00
221.00
229.00
207.00
180.00
172.00
170.00
129.00
99.00
53.00
17.00
-9.00
-2.00
46.00
195.00
271.00
351.00
341.00
349.00
332.00
344.00
296.00
999999
96.00
96.00
66.00
65.00
67.00
61.00
125.00
216.00
205.00
223.00
273.00
300.00
331.00
318.00
302.00
294.00
296.00
268.00
227.00
262.00
257.00
259.00
230.00
261.00
255.00
243.00
200.00
166.00
166.00
167.00
114.00
82.00
19.00
20.00
52.00
150.00
213.00
260.00
315.00
364.00
376.00
338.00
329.00
999999
-58.00
-58.00
-58.00
-181.00
-226.00
-307.00
-273.00
-109.00
13.00
130.00
185.00
244.00
272.00
266.00
263.00
269.00
259.00
260.00
264.00
239.00
217.00
167.00
104.00
44.00
-54.00
-144.00
-153.00
-198.00
-258.00
-327.00
-371.00
-263.00
-48.00
191.00
279.00
319.00
296.00
256.00
999999
198.00
198.00
198.00
257.00
311.00
315.00
300.00
293.00
322.00
274.00
297.00
304.00
280.00
241.00
230.00
219.00
209.00
205.00
231.00
253.00
264.00
313.00
326.00
304.00
265.00
234.00
224.00
240.00
213.00
188.00
203.00
201.00
221.00
213.00
212.00
248.00
275.00
263.00
275.00
295.00
305.00
319.00
320.00
310.00
999999
275.00
280.00
280.00
270.00
256.00
190.00
274.00
275.00
218.00
292.00
277.00
304.00
294.00
283.00
294.00
255.00
224.00
221.00
237.00
231.00
248.00
234.00
237.00
247.00
269.00
253.00
264.00
276.00
254.00
237.00
223.00
155.00
151.00
176.00
180.00
224.00
294.00
331.00
340.00
362.00
346.00
327.00
999999
153.00
164.00
164.00
133.00
94.00
84.00
183.00
274.00
286.00
292.00
311.00
364.00
291.00
312.00
314.00
257.00
259.00
215.00
232.00
195.00
212.00
248.00
256.00
265.00
256.00
280.00
297.00
257.00
196.00
196.00
188.00
176.00
183.00
218.00
258.00
289.00
319.00
320.00
324.00
338.00
999999
-2.00
-2.00
-2.00
-29.00
-167.00
-237.00
-285.00
-54.00
35.00
100.00
155.00
162.00
189.00
189.00
175.00
161.00
153.00
156.00
147.00
165.00
177.00
171.00
178.00
171.00
151.00
114.00
54.00
8.00
-49.00
-74.00
-89.00
-97.00
-99.00
-74.00
-73.00
-84.00
-100.00
-159.00
-206.00
-231.00
-110.00
94.00
182.00
239.00
262.00
254.00
190.00
999999
-52.00
-52.00
-89.00
-109.00
-247.00
-207.00
-94.00
96.00
140.00
187.00
271.00
295.00
288.00
256.00
264.00
231.00
240.00
237.00
249.00
255.00
225.00
189.00
160.00
127.00
86.00
58.00
-3.00
-34.00
-44.00
-41.00
-50.00
-66.00
-99.00
-157.00
-225.00
-163.00
-16.00
129.00
216.00
287.00
302.00
298.00
269.00
999999
240.00
240.00
228.00
213.00
213.00
268.00
285.00
256.00
263.00
257.00
244.00
306.00
270.00
282.00
261.00
251.00
230.00
213.00
196.00
205.00
232.00
245.00
230.00
252.00
252.00
258.00
279.00
283.00
253.00
234.00
239.00
228.00
198.00
210.00
200.00
178.00
185.00
206.00
216.00
256.00
264.00
287.00
298.00
318.00
320.00
309.00
999999
138.00
183.00
183.00
136.00
182.00
289.00
328.00
302.00
289.00
274.00
366.00
251.00
254.00
341.00
212.00
189.00
257.00
216.00
178.00
220.00
246.00
216.00
225.00
244.00
234.00
228.00
262.00
305.00
260.00
237.00
237.00
220.00
187.00
148.00
176.00
164.00
199.00
218.00
259.00
263.00
313.00
317.00
310.00
323.00
312.00
999999
88.00
88.00
88.00
46.00
38.00
38.00
29.00
72.00
112.00
176.00
200.00
251.00
281.00
300.00
306.00
269.00
279.00
282.00
263.00
244.00
258.00
260.00
253.00
231.00
215.00
206.00
208.00
201.00
198.00
201.00
154.00
163.00
153.00
139.00
120.00
94.00
67.00
73.00
54.00
89.00
171.00
233.00
286.00
342.00
375.00
330.00
999999
195.00
195.00
195.00
173.00
195.00
126.00
46.00
112.00
215.00
226.00
248.00
276.00
299.00
304.00
322.00
300.00
259.00
264.00
281.00
267.00
252.00
260.00
256.00
245.00
239.00
220.00
207.00
218.00
230.00
249.00
257.00
259.00
250.00
250.00
236.00
250.00
220.00
199.00
182.00
146.00
157.00
162.00
127.00
156.00
221.00
287.00
320.00
354.00
368.00
335.00
289.00
296.00
308.00
999999
-128.00
-96.00
-96.00
-223.00
-286.00
-327.00
-275.00
-144.00
-25.00
86.00
171.00
217.00
221.00
228.00
211.00
176.00
168.00
175.00
189.00
198.00
187.00
190.00
148.00
151.00
122.00
57.00
-11.00
-56.00
-112.00
-135.00
-152.00
-158.00
-181.00
-210.00
-254.00
-228.00
-175.00
-87.00
10.00
106.00
215.00
260.00
262.00
221.00
177.00
999999
-362.00
-362.00
-362.00
-369.00
-280.00
-19.00
121.00
238.00
263.00
276.00
282.00
200.00
149.00
137.00
127.00
142.00
153.00
182.00
196.00
192.00
183.00
151.00
147.00
119.00
82.00
34.00
0.00
-45.00
-74.00
-105.00
-106.00
-137.00
-153.00
-198.00
-223.00
-225.00
-156.00
-53.00
99.00
194.00
270.00
269.00
234.00
208.00
166.00
999999
246.00
246.00
218.00
222.00
191.00
180.00
213.00
277.00
291.00
278.00
295.00
287.00
259.00
309.00
294.00
263.00
257.00
263.00
242.00
237.00
255.00
236.00
205.00
213.00
242.00
213.00
191.00
229.00
242.00
256.00
257.00
319.00
335.00
368.00
370.00
326.00
314.00
305.00
269.00
265.00
251.00
250.00
218.00
245.00
257.00
269.00
293.00
294.00
296.00
298.00
301.00
999999
238.00
229.00
229.00
216.00
214.00
211.00
253.00
289.00
300.00
276.00
305.00
307.00
302.00
288.00
279.00
261.00
269.00
225.00
188.00
183.00
161.00
189.00
221.00
197.00
225.00
230.00
245.00
259.00
307.00
319.00
364.00
380.00
360.00
348.00
293.00
235.00
206.00
217.00
228.00
260.00
295.00
313.00
306.00
305.00
999999
287.00
278.00
278.00
259.00
268.00
287.00
262.00
262.00
259.00
255.00
300.00
306.00
275.00
275.00
283.00
267.00
270.00
226.00
232.00
217.00
182.00
144.00
153.00
180.00
216.00
257.00
260.00
286.00
289.00
335.00
353.00
387.00
379.00
367.00
351.00
322.00
304.00
273.00
261.00
260.00
261.00
225.00
201.00
227.00
261.00
313.00
364.00
379.00
337.00
296.00
253.00
999999
235.00
235.00
235.00
193.00
192.00
223.00
256.00
302.00
336.00
305.00
282.00
255.00
262.00
253.00
187.00
181.00
176.00
198.00
171.00
197.00
206.00
252.00
286.00
313.00
369.00
411.00
401.00
407.00
384.00
329.00
307.00
273.00
247.00
242.00
245.00
255.00
242.00
254.00
252.00
291.00
317.00
323.00
336.00
309.00
276.00
999999
289.00
289.00
289.00
283.00
275.00
294.00
279.00
272.00
239.00
223.00
231.00
267.00
320.00
331.00
310.00
287.00
278.00
257.00
256.00
271.00
236.00
213.00
209.00
194.00
160.00
167.00
215.00
231.00
249.00
260.00
272.00
306.00
331.00
351.00
386.00
379.00
344.00
355.00
315.00
303.00
280.00
309.00
243.00
206.00
224.00
234.00
295.00
303.00
312.00
312.00
297.00
270.00
999999
282.00
282.00
284.00
286.00
316.00
272.00
257.00
219.00
231.00
290.00
254.00
298.00
337.00
360.00
313.00
271.00
249.00
226.00
251.00
233.00
191.00
177.00
171.00
206.00
225.00
202.00
192.00
204.00
255.00
380.00
400.00
413.00
390.00
359.00
335.00
333.00
336.00
327.00
148.00
148.00
289.00
342.00
356.00
315.00
302.00
291.00
270.00
279.00
999999
278.00
278.00
270.00
265.00
268.00
252.00
199.00
188.00
220.00
257.00
288.00
317.00
339.00
349.00
302.00
269.00
251.00
233.00
242.00
253.00
220.00
156.00
154.00
235.00
229.00
244.00
264.00
278.00
309.00
370.00
393.00
353.00
359.00
308.00
280.00
264.00
301.00
313.00
239.00
233.00
287.00
300.00
304.00
999999
316.00
316.00
316.00
290.00
282.00
275.00
249.00
205.00
241.00
262.00
306.00
350.00
342.00
276.00
248.00
256.00
254.00
234.00
228.00
234.00
181.00
164.00
177.00
178.00
202.00
232.00
252.00
313.00
352.00
358.00
403.00
402.00
391.00
370.00
333.00
310.00
281.00
268.00
262.00
259.00
228.00
207.00
227.00
232.00
255.00
299.00
296.00
310.00
314.00
298.00
273.00
279.00
999999
259.00
259.00
259.00
244.00
283.00
296.00
276.00
282.00
287.00
276.00
281.00
323.00
306.00
319.00
288.00
261.00
259.00
254.00
264.00
253.00
230.00
253.00
239.00
214.00
181.00
152.00
191.00
208.00
215.00
274.00
296.00
326.00
372.00
372.00
364.00
364.00
345.00
315.00
297.00
274.00
257.00
281.00
238.00
233.00
239.00
240.00
224.00
283.00
314.00
299.00
317.00
293.00
289.00
289.00
298.00
284.00
288.00
999999
278.00
265.00
265.00
262.00
263.00
290.00
272.00
296.00
355.00
310.00
207.00
195.00
256.00
298.00
334.00
305.00
295.00
298.00
298.00
273.00
259.00
260.00
253.00
222.00
219.00
226.00
201.00
210.00
230.00
220.00
236.00
296.00
304.00
320.00
349.00
328.00
319.00
321.00
320.00
325.00
312.00
299.00
312.00
283.00
176.00
246.00
237.00
287.00
346.00
316.00
323.00
311.00
287.00
999999
226.00
226.00
177.00
195.00
233.00
285.00
309.00
308.00
287.00
269.00
275.00
270.00
295.00
320.00
298.00
295.00
280.00
251.00
256.00
270.00
248.00
239.00
246.00
195.00
181.00
215.00
198.00
235.00
241.00
243.00
284.00
299.00
303.00
347.00
360.00
344.00
339.00
322.00
292.00
285.00
260.00
239.00
249.00
282.00
265.00
312.00
271.00
285.00
293.00
269.00
290.00
305.00
298.00
292.00
276.00
254.00
999999
277.00
255.00
255.00
283.00
287.00
280.00
317.00
336.00
323.00
261.00
230.00
305.00
319.00
286.00
267.00
249.00
220.00
259.00
263.00
245.00
248.00
218.00
192.00
186.00
211.00
206.00
242.00
279.00
308.00
326.00
349.00
334.00
282.00
344.00
321.00
297.00
301.00
323.00
289.00
283.00
301.00
305.00
273.00
254.00
256.00
254.00
290.00
273.00
276.00
285.00
269.00
273.00
999999
263.00
263.00
263.00
260.00
239.00
294.00
358.00
293.00
296.00
288.00
255.00
311.00
325.00
302.00
277.00
261.00
252.00
268.00
246.00
260.00
244.00
248.00
199.00
195.00
202.00
205.00
213.00
279.00
289.00
304.00
331.00
346.00
333.00
334.00
316.00
299.00
295.00
266.00
264.00
259.00
269.00
270.00
280.00
236.00
239.00
257.00
277.00
331.00
341.00
322.00
312.00
317.00
270.00
264.00
999999
250.00
250.00
250.00
249.00
255.00
274.00
309.00
296.00
257.00
267.00
270.00
281.00
290.00
293.00
290.00
286.00
275.00
254.00
250.00
248.00
245.00
215.00
203.00
182.00
190.00
205.00
220.00
245.00
249.00
292.00
305.00
346.00
358.00
345.00
343.00
351.00
302.00
303.00
304.00
261.00
219.00
226.00
261.00
286.00
301.00
310.00
300.00
999999
272.00
289.00
289.00
294.00
325.00
324.00
339.00
306.00
258.00
280.00
269.00
303.00
285.00
288.00
238.00
224.00
225.00
242.00
212.00
203.00
205.00
207.00
218.00
210.00
232.00
257.00
261.00
279.00
315.00
365.00
385.00
383.00
362.00
360.00
318.00
299.00
277.00
286.00
278.00
276.00
249.00
296.00
264.00
285.00
292.00
281.00
275.00
292.00
277.00
999999
266.00
266.00
266.00
256.00
213.00
250.00
339.00
338.00
324.00
297.00
287.00
316.00
305.00
282.00
265.00
255.00
248.00
270.00
281.00
259.00
241.00
240.00
232.00
204.00
186.00
174.00
192.00
218.00
261.00
286.00
288.00
318.00
316.00
333.00
344.00
338.00
336.00
346.00
321.00
308.00
297.00
255.00
205.00
197.00
239.00
257.00
297.00
304.00
295.00
296.00
294.00
999999
267.00
271.00
271.00
268.00
285.00
287.00
327.00
277.00
266.00
254.00
261.00
284.00
310.00
330.00
296.00
280.00
281.00
265.00
266.00
259.00
251.00
244.00
226.00
189.00
192.00
202.00
192.00
212.00
254.00
264.00
316.00
326.00
376.00
371.00
371.00
360.00
351.00
323.00
311.00
294.00
272.00
260.00
207.00
224.00
276.00
274.00
302.00
305.00
288.00
284.00
289.00
999999
255.00
255.00
255.00
276.00
257.00
273.00
318.00
331.00
315.00
274.00
229.00
245.00
253.00
250.00
259.00
236.00
231.00
243.00
212.00
216.00
240.00
234.00
283.00
279.00
303.00
314.00
293.00
277.00
277.00
269.00
259.00
283.00
295.00
288.00
309.00
314.00
302.00
297.00
307.00
301.00
291.00
258.00
221.00
230.00
247.00
272.00
287.00
278.00
278.00
999999
291.00
290.00
290.00
278.00
279.00
280.00
262.00
263.00
285.00
262.00
255.00
279.00
295.00
289.00
281.00
276.00
258.00
244.00
254.00
268.00
268.00
267.00
252.00
223.00
190.00
156.00
173.00
212.00
230.00
264.00
287.00
307.00
342.00
342.00
362.00
372.00
360.00
336.00
320.00
316.00
292.00
297.00
297.00
282.00
270.00
245.00
214.00
203.00
213.00
245.00
259.00
308.00
304.00
332.00
317.00
313.00
298.00
304.00
999999
280.00
284.00
284.00
265.00
241.00
202.00
255.00
239.00
247.00
260.00
295.00
326.00
338.00
300.00
273.00
261.00
257.00
275.00
267.00
270.00
249.00
227.00
187.00
156.00
152.00
183.00
196.00
240.00
256.00
299.00
320.00
349.00
386.00
347.00
348.00
320.00
301.00
280.00
265.00
247.00
216.00
202.00
171.00
209.00
298.00
325.00
363.00
323.00
314.00
269.00
278.00
262.00
241.00
999999
250.00
250.00
242.00
287.00
302.00
290.00
272.00
279.00
241.00
261.00
292.00
277.00
278.00
293.00
296.00
287.00
300.00
287.00
263.00
252.00
227.00
216.00
217.00
216.00
220.00
210.00
206.00
199.00
226.00
221.00
285.00
319.00
373.00
390.00
405.00
385.00
362.00
384.00
365.00
300.00
270.00
212.00
184.00
153.00
209.00
249.00
314.00
316.00
310.00
294.00
276.00
294.00
289.00
999999
258.00
258.00
256.00
244.00
251.00
256.00
247.00
277.00
283.00
287.00
314.00
356.00
308.00
278.00
288.00
282.00
257.00
260.00
255.00
249.00
233.00
195.00
182.00
187.00
169.00
182.00
262.00
258.00
272.00
288.00
309.00
317.00
355.00
372.00
367.00
334.00
316.00
346.00
353.00
333.00
318.00
301.00
286.00
260.00
249.00
254.00
275.00
285.00
263.00
275.00
292.00
280.00
271.00
999999
275.00
275.00
276.00
252.00
245.00
216.00
288.00
297.00
283.00
258.00
310.00
288.00
290.00
281.00
261.00
273.00
264.00
259.00
268.00
278.00
283.00
257.00
239.00
215.00
170.00
168.00
188.00
211.00
234.00
277.00
276.00
282.00
304.00
286.00
298.00
382.00
376.00
372.00
353.00
321.00
283.00
276.00
228.00
193.00
211.00
271.00
271.00
270.00
302.00
305.00
329.00
306.00
305.00
293.00
280.00
258.00
257.00
261.00
255.00
257.00
251.00
264.00
270.00
266.00
999999
278.00
278.00
297.00
282.00
255.00
299.00
232.00
208.00
263.00
300.00
340.00
329.00
301.00
251.00
245.00
268.00
278.00
276.00
285.00
269.00
253.00
241.00
197.00
194.00
182.00
213.00
243.00
219.00
256.00
270.00
281.00
321.00
330.00
346.00
349.00
364.00
346.00
342.00
325.00
301.00
260.00
249.00
187.00
192.00
238.00
265.00
251.00
291.00
287.00
286.00
334.00
324.00
323.00
306.00
304.00
999999
261.00
261.00
251.00
252.00
241.00
255.00
312.00
259.00
273.00
300.00
290.00
292.00
296.00
293.00
282.00
275.00
276.00
273.00
270.00
264.00
259.00
264.00
258.00
253.00
254.00
230.00
224.00
199.00
201.00
213.00
257.00
290.00
294.00
318.00
329.00
321.00
330.00
318.00
304.00
286.00
284.00
272.00
246.00
238.00
220.00
220.00
212.00
245.00
241.00
258.00
264.00
277.00
307.00
327.00
340.00
334.00
314.00
300.00
287.00
999999
277.00
277.00
277.00
252.00
249.00
260.00
298.00
276.00
270.00
266.00
263.00
253.00
273.00
285.00
293.00
279.00
262.00
265.00
255.00
269.00
261.00
247.00
237.00
217.00
195.00
203.00
227.00
260.00
303.00
305.00
303.00
256.00
234.00
296.00
295.00
307.00
356.00
316.00
331.00
335.00
290.00
305.00
287.00
279.00
289.00
255.00
260.00
206.00
239.00
288.00
321.00
310.00
292.00
294.00
279.00
267.00
253.00
263.00
269.00
999999
262.00
262.00
262.00
234.00
294.00
286.00
329.00
300.00
275.00
222.00
240.00
274.00
262.00
268.00
281.00
272.00
258.00
272.00
257.00
249.00
268.00
236.00
226.00
231.00
201.00
244.00
241.00
243.00
236.00
245.00
249.00
215.00
265.00
328.00
322.00
361.00
350.00
317.00
306.00
283.00
266.00
268.00
256.00
271.00
301.00
308.00
307.00
261.00
226.00
260.00
267.00
292.00
292.00
287.00
287.00
283.00
289.00
999999
299.00
299.00
298.00
303.00
353.00
301.00
231.00
242.00
248.00
248.00
313.00
336.00
303.00
265.00
253.00
243.00
238.00
251.00
246.00
245.00
214.00
200.00
194.00
226.00
215.00
277.00
259.00
298.00
385.00
329.00
369.00
386.00
304.00
312.00
291.00
255.00
257.00
313.00
300.00
337.00
302.00
271.00
314.00
271.00
296.00
286.00
290.00
288.00
999999
255.00
262.00
262.00
266.00
269.00
293.00
280.00
304.00
335.00
296.00
255.00
268.00
284.00
305.00
283.00
282.00
258.00
254.00
259.00
255.00
268.00
275.00
252.00
246.00
239.00
220.00
211.00
231.00
215.00
211.00
235.00
242.00
274.00
308.00
345.00
354.00
353.00
309.00
358.00
314.00
281.00
298.00
274.00
263.00
270.00
262.00
297.00
299.00
272.00
291.00
289.00
281.00
295.00
297.00
306.00
282.00
999999
248.00
281.00
281.00
318.00
259.00
256.00
317.00
307.00
294.00
318.00
273.00
272.00
303.00
273.00
264.00
255.00
256.00
269.00
258.00
253.00
265.00
251.00
249.00
219.00
195.00
200.00
235.00
222.00
263.00
268.00
298.00
320.00
311.00
346.00
359.00
321.00
338.00
321.00
295.00
295.00
274.00
258.00
245.00
237.00
244.00
242.00
268.00
288.00
273.00
313.00
308.00
309.00
290.00
271.00
999999
213.00
213.00
213.00
221.00
257.00
294.00
298.00
285.00
273.00
292.00
310.00
315.00
293.00
289.00
271.00
256.00
250.00
247.00
243.00
228.00
243.00
222.00
213.00
215.00
215.00
250.00
265.00
271.00
303.00
321.00
335.00
348.00
351.00
320.00
316.00
310.00
298.00
302.00
279.00
260.00
236.00
215.00
223.00
259.00
285.00
318.00
999999
295.00
295.00
295.00
287.00
254.00
234.00
221.00
208.00
249.00
295.00
318.00
310.00
320.00
279.00
275.00
283.00
285.00
295.00
295.00
272.00
271.00
265.00
258.00
279.00
267.00
275.00
258.00
251.00
228.00
233.00
213.00
220.00
213.00
221.00
265.00
277.00
290.00
312.00
332.00
333.00
327.00
332.00
297.00
276.00
269.00
275.00
254.00
259.00
242.00
243.00
246.00
266.00
253.00
277.00
288.00
301.00
282.00
278.00
291.00
286.00
278.00
279.00
287.00
278.00
283.00
999999
258.00
258.00
244.00
260.00
360.00
383.00
355.00
305.00
258.00
262.00
278.00
255.00
250.00
218.00
232.00
239.00
261.00
265.00
289.00
282.00
265.00
271.00
247.00
214.00
187.00
211.00
217.00
221.00
265.00
269.00
307.00
299.00
327.00
345.00
346.00
293.00
292.00
311.00
286.00
280.00
285.00
280.00
276.00
266.00
286.00
269.00
224.00
268.00
266.00
277.00
317.00
301.00
303.00
279.00
282.00
999999
317.00
300.00
300.00
310.00
324.00
307.00
300.00
264.00
256.00
247.00
257.00
271.00
274.00
272.00
263.00
280.00
269.00
271.00
245.00
248.00
242.00
222.00
186.00
204.00
223.00
268.00
287.00
318.00
317.00
288.00
327.00
277.00
279.00
288.00
277.00
281.00
284.00
283.00
272.00
272.00
256.00
253.00
255.00
252.00
269.00
295.00
311.00
329.00
320.00
312.00
286.00
207.00
999999
242.00
242.00
242.00
259.00
362.00
277.00
262.00
261.00
269.00
290.00
288.00
277.00
271.00
260.00
256.00
271.00
284.00
263.00
237.00
249.00
229.00
227.00
214.00
207.00
200.00
247.00
249.00
294.00
295.00
304.00
312.00
309.00
315.00
304.00
292.00
288.00
273.00
267.00
253.00
275.00
284.00
261.00
272.00
304.00
260.00
276.00
279.00
270.00
299.00
299.00
291.00
280.00
284.00
999999
310.00
310.00
310.00
285.00
239.00
228.00
221.00
283.00
310.00
326.00
278.00
259.00
240.00
265.00
277.00
275.00
284.00
274.00
259.00
271.00
270.00
259.00
268.00
246.00
202.00
198.00
195.00
197.00
205.00
231.00
264.00
289.00
311.00
320.00
339.00
327.00
338.00
336.00
326.00
302.00
283.00
274.00
256.00
258.00
251.00
237.00
256.00
267.00
303.00
323.00
301.00
288.00
284.00
999999
284.00
280.00
280.00
280.00
264.00
241.00
221.00
216.00
230.00
277.00
292.00
292.00
286.00
267.00
263.00
263.00
280.00
284.00
283.00
275.00
281.00
241.00
232.00
221.00
239.00
253.00
236.00
266.00
234.00
233.00
275.00
281.00
310.00
330.00
332.00
319.00
340.00
341.00
317.00
260.00
243.00
235.00
254.00
317.00
317.00
320.00
313.00
294.00
280.00
283.00
999999
288.00
288.00
288.00
257.00
276.00
319.00
253.00
301.00
308.00
295.00
337.00
288.00
271.00
261.00
247.00
276.00
294.00
282.00
279.00
255.00
253.00
245.00
227.00
192.00
209.00
187.00
193.00
252.00
224.00
271.00
354.00
366.00
367.00
363.00
353.00
346.00
302.00
289.00
252.00
257.00
301.00
270.00
248.00
278.00
258.00
275.00
265.00
279.00
999999
-50.00
-50.00
-50.00
-113.00
-264.00
-320.00
-304.00
-167.00
58.00
156.00
245.00
236.00
197.00
148.00
147.00
123.00
107.00
90.00
83.00
69.00
72.00
89.00
118.00
127.00
127.00
129.00
115.00
86.00
94.00
86.00
64.00
32.00
-7.00
-39.00
-86.00
-108.00
-92.00
-55.00
-58.00
-33.00
-27.00
-28.00
-29.00
-42.00
-60.00
-106.00
-147.00
-174.00
-192.00
-35.00
99.00
158.00
162.00
192.00
195.00
177.00
134.00
999999
-53.00
-59.00
-59.00
-66.00
-72.00
-178.00
-240.00
-221.00
-129.00
-4.00
107.00
180.00
192.00
207.00
174.00
182.00
142.00
131.00
109.00
98.00
125.00
142.00
122.00
127.00
136.00
124.00
89.00
57.00
50.00
-14.00
-79.00
-124.00
-151.00
-174.00
-193.00
-183.00
-200.00
-220.00
-252.00
-191.00
-115.00
20.00
130.00
228.00
231.00
203.00
181.00
999999
-13.00
-13.00
-11.00
-61.00
-169.00
-294.00
-441.00
-317.00
-106.00
86.00
213.00
262.00
264.00
258.00
247.00
201.00
153.00
152.00
133.00
94.00
93.00
88.00
114.00
136.00
140.00
157.00
156.00
122.00
107.00
106.00
59.00
-19.00
-137.00
-198.00
-213.00
-166.00
-154.00
-98.00
-89.00
-77.00
-100.00
-139.00
-204.00
-273.00
-244.00
-138.00
-19.00
138.00
201.00
251.00
226.00
188.00
145.00
98.00
999999
-6.00
-62.00
-62.00
-113.00
-212.00
-266.00
-206.00
-64.00
-4.00
60.00
94.00
131.00
136.00
116.00
116.00
109.00
86.00
87.00
75.00
80.00
72.00
101.00
108.00
108.00
110.00
147.00
130.00
140.00
127.00
65.00
-14.00
-86.00
-91.00
-119.00
-133.00
-98.00
-91.00
-135.00
-163.00
-191.00
-249.00
-290.00
-145.00
41.00
196.00
218.00
241.00
208.00
157.00
999999
25.00
25.00
26.00
13.00
-60.00
-167.00
-275.00
-340.00
-269.00
-69.00
65.00
153.00
194.00
219.00
218.00
195.00
170.00
163.00
136.00
129.00
134.00
143.00
127.00
126.00
174.00
164.00
188.00
141.00
79.00
-33.00
-144.00
-154.00
-219.00
-200.00
-161.00
-192.00
-197.00
-303.00
-365.00
-261.00
-88.00
183.00
298.00
297.00
264.00
228.00
999999
135.00
135.00
69.00
-218.00
-427.00
-383.00
-180.00
63.00
154.00
205.00
247.00
208.00
213.00
188.00
160.00
133.00
140.00
147.00
140.00
155.00
180.00
193.00
182.00
200.00
167.00
131.00
105.00
3.00
-63.00
-124.00
-133.00
-192.00
-188.00
-193.00
-203.00
-196.00
-181.00
-150.00
-25.00
165.00
261.00
260.00
247.00
197.00
182.00
134.00
999999
22.00
-1.00
-1.00
2.00
-10.00
-57.00
-288.00
-316.00
-209.00
-5.00
148.00
190.00
289.00
296.00
267.00
208.00
185.00
179.00
192.00
160.00
160.00
183.00
184.00
199.00
209.00
181.00
112.00
49.00
-25.00
-100.00
-103.00
-154.00
-117.00
-85.00
-114.00
-150.00
-177.00
-174.00
-128.00
-57.00
126.00
234.00
275.00
263.00
238.00
999999
63.00
63.00
27.00
4.00
-133.00
-383.00
-365.00
-203.00
-38.00
114.00
249.00
244.00
251.00
219.00
170.00
120.00
116.00
138.00
159.00
188.00
239.00
271.00
231.00
185.00
110.00
-55.00
-143.00
-201.00
-176.00
-122.00
-69.00
-109.00
-168.00
-246.00
-276.00
-249.00
-79.00
97.00
234.00
265.00
257.00
222.00
118.00
55.00
999999
10.00
9.00
9.00
-56.00
-188.00
-291.00
-354.00
-314.00
-153.00
80.00
168.00
203.00
231.00
231.00
193.00
159.00
132.00
116.00
117.00
106.00
117.00
113.00
132.00
161.00
202.00
202.00
131.00
162.00
69.00
20.00
-34.00
-152.00
-166.00
-209.00
-150.00
-110.00
-117.00
-140.00
-154.00
-202.00
-239.00
-233.00
-66.00
137.00
231.00
274.00
254.00
185.00
146.00
113.00
69.00
999999
25.00
18.00
18.00
-43.00
-97.00
-210.00
-357.00
-338.00
-225.00
-41.00
95.00
149.00
170.00
190.00
158.00
146.00
117.00
93.00
73.00
71.00
57.00
43.00
52.00
68.00
80.00
92.00
133.00
166.00
171.00
200.00
146.00
117.00
91.00
25.00
-37.00
-143.00
-164.00
-134.00
-122.00
-110.00
-89.00
-85.00
-133.00
-230.00
-326.00
-276.00
-94.00
46.00
160.00
244.00
253.00
204.00
151.00
107.00
999999
-38.00
-51.00
-51.00
-90.00
-171.00
-216.00
-234.00
-121.00
37.00
136.00
167.00
177.00
190.00
184.00
169.00
143.00
87.00
78.00
81.00
71.00
66.00
102.00
122.00
132.00
195.00
217.00
179.00
134.00
35.00
-87.00
-112.00
-178.00
-246.00
-216.00
-106.00
-99.00
-102.00
-85.00
-85.00
-236.00
-363.00
-421.00
-262.00
66.00
257.00
312.00
294.00
259.00
177.00
999999
-86.00
-86.00
-86.00
-124.00
-359.00
-350.00
-266.00
-79.00
66.00
170.00
220.00
235.00
197.00
159.00
146.00
101.00
92.00
102.00
77.00
73.00
82.00
111.00
117.00
136.00
149.00
181.00
202.00
186.00
173.00
142.00
1.00
-69.00
-176.00
-254.00
-177.00
-127.00
-113.00
-77.00
-92.00
-134.00
-164.00
-258.00
-221.00
-223.00
-132.00
17.00
181.00
206.00
250.00
217.00
168.00
125.00
66.00
999999
-151.00
-151.00
-185.00
-300.00
-458.00
-402.00
-147.00
70.00
188.00
223.00
214.00
198.00
165.00
122.00
129.00
125.00
98.00
91.00
94.00
95.00
104.00
151.00
196.00
211.00
254.00
215.00
211.00
106.00
-18.00
-143.00
-199.00
-213.00
-133.00
-106.00
-114.00
-176.00
-305.00
-412.00
-380.00
-193.00
105.00
294.00
311.00
276.00
204.00
133.00
74.00
14.00
999999
-23.00
-23.00
-49.00
-9.00
-141.00
-311.00
-283.00
-274.00
-189.00
-34.00
107.00
160.00
196.00
205.00
172.00
162.00
126.00
98.00
60.00
91.00
111.00
113.00
152.00
190.00
184.00
188.00
201.00
155.00
65.00
-23.00
-87.00
-169.00
-162.00
-228.00
-233.00
-213.00
-262.00
-269.00
-275.00
-257.00
-202.00
-116.00
21.00
189.00
225.00
246.00
215.00
173.00
126.00
999999
-63.00
-63.00
-63.00
-114.00
-227.00
-294.00
-286.00
-172.00
-28.00
82.00
171.00
205.00
217.00
192.00
173.00
162.00
144.00
115.00
126.00
141.00
138.00
182.00
209.00
203.00
199.00
178.00
91.00
-51.00
-100.00
-128.00
-202.00
-222.00
-285.00
-258.00
-230.00
-219.00
-201.00
-226.00
-200.00
-54.00
122.00
196.00
252.00
255.00
224.00
999999
-130.00
-130.00
-155.00
-206.00
-355.00
-499.00
-495.00
-340.00
-190.00
-18.00
40.00
43.00
50.00
13.00
3.00
-43.00
-45.00
-75.00
-85.00
-117.00
-116.00
-101.00
-88.00
-62.00
3.00
59.00
89.00
123.00
130.00
71.00
-5.00
-89.00
-215.00
-320.00
-358.00
-399.00
-388.00
-327.00
-305.00
-285.00
-277.00
-396.00
-534.00
-479.00
-305.00
-133.00
1.00
55.00
48.00
3.00
-15.00
-54.00
-112.00
-129.00
999999
-118.00
-118.00
-118.00
-244.00
-247.00
-455.00
-589.00
-468.00
-265.00
-152.00
-106.00
-101.00
-99.00
-108.00
-126.00
-129.00
-146.00
-155.00
-151.00
-189.00
-160.00
-152.00
-123.00
-78.00
-29.00
-12.00
-9.00
-26.00
-86.00
-196.00
-273.00
-393.00
-480.00
-462.00
-399.00
-342.00
-297.00
-276.00
-257.00
-272.00
-373.00
-483.00
-533.00
-380.00
-196.00
-105.00
-47.00
-78.00
-80.00
-117.00
-164.00
999999
-199.00
-197.00
-197.00
-291.00
-328.00
-355.00
-330.00
-251.00
-192.00
-173.00
-198.00
-143.00
-192.00
-179.00
-187.00
-195.00
-191.00
-169.00
-181.00
-162.00
-114.00
-100.00
-68.00
-69.00
-72.00
-88.00
-114.00
-214.00
-261.00
-323.00
-403.00
-451.00
-440.00
-379.00
-320.00
-302.00
-295.00
-335.00
-403.00
-449.00
-328.00
-211.00
-152.00
-120.00
-143.00
-197.00
-196.00
-215.00
-229.00
999999
-189.00
-189.00
-229.00
-316.00
-311.00
-395.00
-224.00
-195.00
-184.00
-154.00
-189.00
-178.00
-186.00
-177.00
-153.00
-178.00
-171.00
-169.00
-170.00
-152.00
-129.00
-113.00
-92.00
-99.00
-78.00
-79.00
-113.00
-144.00
-204.00
-284.00
-376.00
-406.00
-357.00
-356.00
-314.00
-285.00
-260.00
-258.00
-294.00
-288.00
-383.00
-346.00
-236.00
-231.00
-176.00
-188.00
-173.00
-189.00
-194.00
-233.00
-243.00
999999
-205.00
-205.00
-205.00
-277.00
-315.00
-355.00
-287.00
-264.00
-236.00
-250.00
-168.00
-222.00
-235.00
-183.00
-216.00
-238.00
-202.00
-235.00
-225.00
-216.00
-217.00
-235.00
-195.00
-191.00
-153.00
-148.00
-132.00
-108.00
-103.00
-156.00
-167.00
-232.00
-261.00
-274.00
-299.00
-385.00
-430.00
-401.00
-398.00
-334.00
-325.00
-344.00
-375.00
-398.00
-325.00
-268.00
-186.00
-166.00
-138.00
-159.00
-173.00
-212.00
999999
-155.00
-155.00
-155.00
-190.00
-240.00
-407.00
-471.00
-415.00
-233.00
-199.00
-108.00
-121.00
-114.00
-112.00
-129.00
-143.00
-128.00
-173.00
-161.00
-163.00
-155.00
-144.00
-99.00
-69.00
-50.00
-17.00
-23.00
-53.00
-82.00
-157.00
-223.00
-338.00
-429.00
-481.00
-471.00
-411.00
-371.00
-351.00
-349.00
-375.00
-422.00
-357.00
-284.00
-201.00
-125.00
-111.00
-125.00
-131.00
-132.00
999999
-200.00
-200.00
-200.00
-243.00
-365.00
-437.00
-435.00
-372.00
-254.00
-143.00
-71.00
-28.00
-31.00
-17.00
-33.00
-72.00
-73.00
-74.00
-80.00
-71.00
-20.00
-32.00
-1.00
14.00
29.00
3.00
-11.00
-76.00
-156.00
-304.00
-423.00
-436.00
-402.00
-337.00
-293.00
-245.00
-255.00
-255.00
-275.00
-330.00
-438.00
-419.00
-332.00
-203.00
-107.00
-35.00
-30.00
4.00
-64.00
-95.00
-129.00
-147.00
999999
-213.00
-235.00
-235.00
-255.00
-397.00
-534.00
-516.00
-356.00
-234.00
-128.00
-40.00
-65.00
-38.00
-52.00
-64.00
-77.00
-109.00
-92.00
-88.00
-65.00
-12.00
-3.00
23.00
30.00
20.00
-36.00
-161.00
-301.00
-383.00
-422.00
-396.00
-384.00
-349.00
-356.00
-377.00
-483.00
-496.00
-391.00
-223.00
-83.00
-20.00
-19.00
-31.00
-79.00
-111.00
999999
-208.00
-208.00
-208.00
-227.00
-367.00
-491.00
-474.00
-284.00
-190.00
-92.00
-24.00
-44.00
-24.00
-47.00
-48.00
-78.00
-107.00
-115.00
-117.00
-96.00
-74.00
-23.00
11.00
31.00
67.00
45.00
16.00
-88.00
-195.00
-304.00
-404.00
-454.00
-417.00
-393.00
-384.00
-396.00
-433.00
-449.00
-389.00
-272.00
-130.00
-34.00
27.00
33.00
22.00
-37.00
-69.00
999999
-183.00
-183.00
-183.00
-248.00
-353.00
-421.00
-401.00
-280.00
-217.00
-214.00
-158.00
-201.00
-201.00
-149.00
-192.00
-200.00
-192.00
-201.00
-196.00
-171.00
-160.00
-120.00
-82.00
-54.00
-30.00
-39.00
-63.00
-116.00
-225.00
-337.00
-452.00
-492.00
-463.00
-422.00
-366.00
-316.00
-288.00
-278.00
-273.00
-299.00
-346.00
-352.00
-299.00
-274.00
-209.00
-166.00
-171.00
-180.00
-182.00
-203.00
-220.00
-232.00
999999
-185.00
-166.00
-166.00
-181.00
-218.00
-335.00
-427.00
-365.00
-288.00
-193.00
-165.00
-148.00
-142.00
-161.00
-170.00
-175.00
-165.00
-177.00
-178.00
-189.00
-190.00
-196.00
-176.00
-145.00
-127.00
-98.00
-66.00
-41.00
-56.00
-78.00
-139.00
-189.00
-290.00
-388.00
-461.00
-464.00
-429.00
-340.00
-265.00
-239.00
-221.00
-246.00
-262.00
-329.00
-372.00
-351.00
-291.00
-269.00
-193.00
-146.00
-124.00
-137.00
-154.00
-194.00
-220.00
999999
-17.00
11.00
11.00
-18.00
-64.00
-157.00
-306.00
-345.00
-253.00
-100.00
87.00
133.00
170.00
181.00
137.00
115.00
99.00
94.00
58.00
44.00
39.00
57.00
64.00
102.00
148.00
171.00
218.00
185.00
105.00
30.00
-67.00
-127.00
-179.00
-200.00
-165.00
-185.00
-169.00
-194.00
-253.00
-297.00
-329.00
-191.00
31.00
162.00
217.00
221.00
166.00
100.00
49.00
63.00
47.00
46.00
999999
-183.00
-183.00
-183.00
-365.00
-440.00
-341.00
-126.00
113.00
197.00
268.00
262.00
231.00
202.00
153.00
113.00
100.00
69.00
77.00
108.00
160.00
199.00
222.00
255.00
220.00
128.00
13.00
-122.00
-183.00
-223.00
-231.00
-225.00
-264.00
-349.00
-445.00
-378.00
-111.00
63.00
226.00
271.00
277.00
189.00
151.00
70.00
999999
1.00
1.00
1.00
-91.00
-279.00
-477.00
-434.00
-172.00
40.00
179.00
235.00
233.00
205.00
164.00
118.00
90.00
87.00
60.00
89.00
119.00
143.00
181.00
231.00
210.00
243.00
130.00
-7.00
-67.00
-224.00
-267.00
-217.00
-152.00
-147.00
-172.00
-266.00
-364.00
-360.00
-255.00
-56.00
203.00
294.00
266.00
217.00
128.00
22.00
11.00
999999
-472.00
-472.00
-472.00
-581.00
-342.00
-83.00
76.00
189.00
255.00
284.00
215.00
179.00
130.00
131.00
98.00
122.00
129.00
201.00
219.00
207.00
211.00
160.00
100.00
-27.00
-169.00
-228.00
-225.00
-194.00
-134.00
-79.00
-50.00
-107.00
-221.00
-362.00
-476.00
-276.00
-54.00
161.00
249.00
295.00
203.00
126.00
51.00
8.00
-11.00
-18.00
999999
95.00
95.00
95.00
53.00
-52.00
-284.00
-488.00
-508.00
-301.00
78.00
193.00
233.00
222.00
197.00
161.00
164.00
132.00
110.00
99.00
102.00
102.00
118.00
118.00
153.00
190.00
189.00
202.00
146.00
20.00
-108.00
-229.00
-285.00
-202.00
-147.00
-119.00
-100.00
-115.00
-163.00
-240.00
-435.00
-416.00
-210.00
34.00
174.00
250.00
262.00
195.00
106.00
60.00
49.00
19.00
999999
24.00
24.00
-12.00
-190.00
-550.00
-652.00
-397.00
-25.00
200.00
274.00
280.00
242.00
202.00
153.00
126.00
99.00
77.00
84.00
80.00
105.00
107.00
155.00
185.00
202.00
224.00
167.00
90.00
-41.00
-128.00
-228.00
-277.00
-194.00
-186.00
-246.00
-384.00
-441.00
-403.00
-202.00
110.00
257.00
288.00
253.00
212.00
153.00
999999
-85.00
-128.00
-128.00
-302.00
-540.00
-554.00
-272.00
39.00
171.00
225.00
246.00
170.00
144.00
100.00
83.00
63.00
10.00
104.00
135.00
196.00
259.00
285.00
252.00
96.00
12.00
-115.00
-175.00
-239.00
-291.00
-401.00
-535.00
-543.00
-348.00
-58.00
168.00
268.00
309.00
239.00
172.00
999999
-81.00
-81.00
-81.00
-169.00
-278.00
-386.00
-329.00
-146.00
25.00
149.00
201.00
179.00
254.00
191.00
173.00
118.00
111.00
107.00
84.00
105.00
121.00
134.00
153.00
208.00
210.00
189.00
87.00
8.00
-59.00
-181.00
-216.00
-202.00
-182.00
-104.00
-126.00
-241.00
-311.00
-458.00
-407.00
-16.00
263.00
324.00
344.00
304.00
145.00
92.00
999999
-28.00
-28.00
-70.00
-227.00
-429.00
-553.00
-424.00
-229.00
137.00
281.00
260.00
218.00
194.00
161.00
112.00
62.00
88.00
69.00
90.00
118.00
143.00
197.00
205.00
241.00
209.00
134.00
-57.00
-183.00
-256.00
-243.00
-218.00
-260.00
-256.00
-338.00
-411.00
-407.00
-242.00
-47.00
146.00
268.00
278.00
207.00
124.00
72.00
999999
-144.00
-144.00
-197.00
-257.00
-508.00
-445.00
-227.00
-8.00
154.00
193.00
205.00
163.00
122.00
122.00
70.00
66.00
65.00
63.00
46.00
23.00
31.00
7.00
7.00
29.00
49.00
104.00
130.00
150.00
176.00
187.00
150.00
101.00
40.00
-50.00
-134.00
-202.00
-201.00
-152.00
-119.00
-78.00
-51.00
-48.00
-80.00
-208.00
-396.00
-466.00
-235.00
56.00
197.00
243.00
242.00
199.00
186.00
54.00
33.00
13.00
999999
193.00
241.00
241.00
193.00
178.00
306.00
296.00
310.00
326.00
328.00
335.00
314.00
277.00
262.00
255.00
251.00
272.00
254.00
251.00
223.00
238.00
223.00
272.00
266.00
255.00
275.00
256.00
308.00
300.00
260.00
237.00
236.00
247.00
256.00
261.00
258.00
243.00
247.00
248.00
198.00
224.00
307.00
307.00
325.00
311.00
310.00
278.00
999999
182.00
182.00
180.00
162.00
184.00
237.00
221.00
283.00
282.00
322.00
318.00
320.00
309.00
290.00
280.00
272.00
290.00
262.00
252.00
242.00
224.00
229.00
200.00
196.00
209.00
238.00
266.00
306.00
328.00
332.00
337.00
339.00
294.00
279.00
267.00
254.00
267.00
243.00
219.00
230.00
230.00
273.00
272.00
300.00
306.00
329.00
322.00
316.00
264.00
999999
152.00
152.00
167.00
208.00
247.00
299.00
242.00
280.00
320.00
312.00
305.00
331.00
307.00
280.00
272.00
298.00
280.00
295.00
262.00
244.00
238.00
230.00
221.00
210.00
232.00
253.00
257.00
296.00
277.00
307.00
294.00
271.00
276.00
270.00
242.00
236.00
230.00
226.00
230.00
179.00
265.00
310.00
335.00
338.00
346.00
328.00
265.00
272.00
999999
167.00
121.00
121.00
166.00
115.00
108.00
82.00
161.00
266.00
331.00
340.00
342.00
324.00
304.00
271.00
247.00
257.00
242.00
226.00
257.00
256.00
233.00
212.00
214.00
246.00
268.00
268.00
255.00
246.00
245.00
247.00
253.00
275.00
274.00
263.00
228.00
205.00
181.00
147.00
163.00
209.00
265.00
302.00
335.00
337.00
327.00
307.00
284.00
257.00
999999
198.00
198.00
198.00
118.00
165.00
135.00
232.00
263.00
292.00
334.00
337.00
319.00
311.00
279.00
294.00
290.00
286.00
279.00
261.00
251.00
235.00
219.00
231.00
202.00
180.00
198.00
200.00
256.00
277.00
313.00
308.00
273.00
277.00
260.00
224.00
251.00
204.00
205.00
211.00
168.00
238.00
262.00
302.00
311.00
303.00
279.00
999999
251.00
251.00
243.00
243.00
234.00
212.00
189.00
213.00
246.00
283.00
324.00
309.00
282.00
273.00
263.00
254.00
262.00
270.00
266.00
266.00
256.00
238.00
250.00
208.00
197.00
226.00
224.00
236.00
248.00
281.00
283.00
352.00
353.00
335.00
312.00
305.00
275.00
242.00
253.00
256.00
250.00
256.00
272.00
268.00
254.00
278.00
281.00
281.00
299.00
298.00
293.00
289.00
999999
216.00
216.00
216.00
172.00
222.00
271.00
274.00
296.00
276.00
289.00
316.00
294.00
280.00
249.00
228.00
228.00
246.00
261.00
265.00
250.00
238.00
231.00
198.00
204.00
201.00
191.00
212.00
223.00
247.00
315.00
354.00
338.00
360.00
357.00
311.00
308.00
299.00
287.00
270.00
258.00
270.00
242.00
258.00
255.00
271.00
271.00
268.00
267.00
256.00
268.00
286.00
292.00
301.00
999999
221.00
221.00
217.00
202.00
255.00
281.00
292.00
276.00
278.00
292.00
295.00
281.00
272.00
266.00
250.00
274.00
270.00
267.00
272.00
261.00
247.00
256.00
232.00
197.00
206.00
206.00
206.00
205.00
203.00
224.00
264.00
266.00
316.00
325.00
290.00
320.00
293.00
259.00
246.00
194.00
187.00
193.00
188.00
221.00
288.00
302.00
316.00
324.00
300.00
297.00
280.00
240.00
999999
219.00
233.00
233.00
201.00
237.00
240.00
291.00
302.00
316.00
303.00
277.00
290.00
276.00
279.00
246.00
277.00
265.00
254.00
249.00
245.00
234.00
223.00
203.00
205.00
197.00
211.00
205.00
238.00
269.00
267.00
306.00
382.00
372.00
300.00
298.00
206.00
186.00
173.00
158.00
208.00
240.00
294.00
314.00
345.00
312.00
279.00
999999
255.00
255.00
265.00
248.00
286.00
271.00
302.00
259.00
282.00
296.00
277.00
294.00
242.00
262.00
255.00
275.00
256.00
254.00
236.00
228.00
222.00
213.00
216.00
245.00
207.00
216.00
256.00
243.00
283.00
274.00
294.00
316.00
300.00
291.00
289.00
260.00
218.00
209.00
193.00
174.00
206.00
248.00
282.00
309.00
320.00
301.00
301.00
274.00
999999
240.00
240.00
256.00
229.00
261.00
244.00
211.00
315.00
321.00
276.00
308.00
343.00
325.00
307.00
268.00
257.00
243.00
241.00
243.00
228.00
255.00
229.00
197.00
190.00
201.00
203.00
234.00
265.00
301.00
312.00
353.00
325.00
327.00
331.00
320.00
288.00
275.00
255.00
220.00
220.00
215.00
241.00
266.00
281.00
299.00
311.00
330.00
310.00
293.00
999999
214.00
214.00
222.00
199.00
198.00
210.00
241.00
260.00
254.00
262.00
287.00
292.00
286.00
269.00
254.00
242.00
242.00
271.00
258.00
250.00
263.00
238.00
225.00
207.00
196.00
245.00
283.00
294.00
290.00
293.00
302.00
308.00
308.00
273.00
264.00
256.00
227.00
231.00
241.00
258.00
283.00
306.00
306.00
313.00
290.00
999999
189.00
189.00
189.00
209.00
232.00
238.00
248.00
231.00
237.00
252.00
308.00
322.00
322.00
281.00
258.00
257.00
258.00
273.00
253.00
223.00
216.00
184.00
184.00
208.00
220.00
244.00
252.00
280.00
292.00
305.00
322.00
318.00
318.00
284.00
247.00
244.00
228.00
196.00
205.00
244.00
264.00
288.00
307.00
315.00
286.00
286.00
264.00
999999
260.00
260.00
266.00
246.00
247.00
217.00
205.00
204.00
248.00
304.00
348.00
322.00
318.00
335.00
303.00
287.00
254.00
257.00
269.00
260.00
225.00
233.00
227.00
212.00
219.00
242.00
235.00
228.00
231.00
284.00
281.00
330.00
343.00
326.00
318.00
297.00
287.00
265.00
224.00
210.00
215.00
213.00
236.00
247.00
286.00
300.00
323.00
327.00
316.00
308.00
265.00
277.00
279.00
258.00
252.00
999999
353.00
397.00
397.00
387.00
323.00
314.00
265.00
284.00
287.00
274.00
267.00
248.00
256.00
283.00
239.00
255.00
241.00
246.00
245.00
252.00
240.00
227.00
220.00
202.00
206.00
228.00
258.00
307.00
299.00
311.00
317.00
318.00
292.00
269.00
270.00
252.00
250.00
292.00
248.00
297.00
327.00
315.00
298.00
296.00
274.00
272.00
999999
187.00
187.00
187.00
188.00
219.00
240.00
246.00
262.00
295.00
280.00
316.00
326.00
302.00
284.00
279.00
253.00
247.00
248.00
225.00
239.00
251.00
272.00
257.00
206.00
234.00
243.00
273.00
285.00
275.00
284.00
278.00
270.00
290.00
289.00
265.00
202.00
167.00
167.00
192.00
270.00
330.00
364.00
365.00
300.00
307.00
275.00
257.00
269.00
999999
240.00
240.00
232.00
234.00
210.00
179.00
168.00
195.00
274.00
318.00
335.00
296.00
306.00
301.00
266.00
249.00
237.00
242.00
229.00
232.00
225.00
235.00
222.00
217.00
230.00
269.00
282.00
269.00
302.00
299.00
257.00
231.00
195.00
213.00
292.00
313.00
323.00
308.00
290.00
313.00
297.00
999999
203.00
204.00
204.00
189.00
191.00
279.00
290.00
308.00
321.00
286.00
285.00
289.00
291.00
270.00
261.00
266.00
252.00
257.00
237.00
225.00
213.00
217.00
221.00
242.00
222.00
216.00
240.00
272.00
317.00
325.00
298.00
301.00
296.00
299.00
249.00
256.00
243.00
244.00
230.00
245.00
266.00
240.00
259.00
286.00
294.00
274.00
296.00
294.00
291.00
286.00
999999
263.00
263.00
263.00
241.00
319.00
313.00
322.00
287.00
265.00
267.00
278.00
268.00
303.00
291.00
289.00
281.00
246.00
246.00
219.00
192.00
201.00
220.00
215.00
230.00
255.00
253.00
274.00
288.00
287.00
309.00
309.00
294.00
309.00
308.00
292.00
287.00
280.00
247.00
244.00
231.00
287.00
312.00
311.00
307.00
272.00
250.00
999999
266.00
275.00
275.00
256.00
294.00
271.00
269.00
278.00
271.00
277.00
273.00
300.00
284.00
251.00
247.00
254.00
249.00
274.00
278.00
257.00
257.00
257.00
235.00
237.00
225.00
206.00
193.00
230.00
235.00
263.00
271.00
313.00
328.00
328.00
309.00
318.00
289.00
278.00
261.00
276.00
264.00
254.00
255.00
263.00
250.00
267.00
266.00
275.00
273.00
286.00
296.00
286.00
267.00
269.00
273.00
259.00
280.00
283.00
282.00
267.00
246.00
999999
291.00
291.00
291.00
340.00
321.00
276.00
282.00
251.00
232.00
229.00
260.00
266.00
294.00
264.00
275.00
266.00
223.00
222.00
208.00
167.00
203.00
247.00
258.00
279.00
312.00
321.00
309.00
329.00
291.00
304.00
304.00
260.00
240.00
256.00
226.00
220.00
221.00
273.00
304.00
303.00
288.00
275.00
281.00
271.00
999999
312.00
312.00
312.00
315.00
308.00
308.00
285.00
267.00
265.00
279.00
273.00
263.00
260.00
260.00
270.00
278.00
277.00
252.00
234.00
197.00
127.00
120.00
181.00
265.00
278.00
317.00
352.00
343.00
350.00
351.00
305.00
289.00
292.00
285.00
274.00
279.00
284.00
237.00
250.00
265.00
279.00
274.00
300.00
299.00
278.00
999999
287.00
287.00
287.00
309.00
310.00
298.00
280.00
264.00
258.00
268.00
266.00
284.00
267.00
247.00
229.00
215.00
201.00
184.00
193.00
212.00
242.00
254.00
271.00
308.00
279.00
308.00
298.00
309.00
343.00
313.00
312.00
293.00
278.00
276.00
226.00
242.00
237.00
240.00
255.00
268.00
273.00
266.00
291.00
300.00
257.00
263.00
278.00
999999
41.00
41.00
57.00
90.00
-24.00
-126.00
-140.00
-142.00
-76.00
-81.00
15.00
58.00
67.00
93.00
148.00
154.00
145.00
129.00
90.00
83.00
75.00
65.00
33.00
38.00
29.00
34.00
28.00
42.00
48.00
58.00
77.00
84.00
102.00
122.00
122.00
120.00
98.00
78.00
51.00
40.00
-1.00
-22.00
-41.00
-75.00
-74.00
-98.00
-94.00
-87.00
-54.00
-41.00
-49.00
-42.00
-71.00
-101.00
-145.00
-169.00
-148.00
-51.00
59.00
135.00
162.00
167.00
165.00
119.00
86.00
75.00
57.00
27.00
999999
-70.00
-70.00
-70.00
-58.00
-144.00
-190.00
-236.00
-143.00
-25.00
64.00
129.00
146.00
157.00
165.00
181.00
159.00
125.00
115.00
107.00
84.00
107.00
107.00
104.00
122.00
128.00
178.00
144.00
136.00
93.00
44.00
6.00
-48.00
-64.00
-86.00
-83.00
-75.00
-57.00
-58.00
-88.00
-108.00
-126.00
-171.00
-197.00
-173.00
-97.00
-14.00
85.00
169.00
194.00
203.00
189.00
156.00
88.00
68.00
999999
59.00
60.00
60.00
21.00
-78.00
-148.00
-202.00
-195.00
-106.00
-9.00
65.00
86.00
123.00
115.00
116.00
132.00
120.00
97.00
82.00
77.00
70.00
69.00
64.00
82.00
79.00
98.00
116.00
158.00
162.00
144.00
137.00
88.00
17.00
-19.00
-72.00
-125.00
-161.00
-153.00
-126.00
-93.00
-102.00
-132.00
-245.00
-268.00
-345.00
-202.00
12.00
159.00
235.00
230.00
189.00
157.00
999999
