326.00
326.00
326.00
295.00
346.00
327.00
259.00
188.00
170.00
162.00
160.00
161.00
125.00
113.00
93.00
89.00
93.00
153.00
221.00
248.00
319.00
357.00
399.00
414.00
398.00
361.00
331.00
317.00
322.00
303.00
256.00
196.00
151.00
186.00
256.00
999999
188.00
188.00
188.00
216.00
238.00
187.00
148.00
127.00
10.00
-62.00
-31.00
114.00
302.00
461.00
512.00
496.00
453.00
351.00
306.00
295.00
269.00
269.00
215.00
243.00
232.00
284.00
295.00
282.00
999999
240.00
240.00
213.00
215.00
265.00
235.00
261.00
304.00
297.00
236.00
206.00
201.00
174.00
178.00
139.00
138.00
112.00
84.00
74.00
111.00
187.00
367.00
458.00
465.00
450.00
399.00
351.00
331.00
306.00
249.00
231.00
199.00
204.00
241.00
274.00
281.00
251.00
999999
213.00
213.00
213.00
217.00
246.00
315.00
339.00
295.00
235.00
161.00
174.00
183.00
183.00
166.00
163.00
151.00
97.00
99.00
94.00
249.00
330.00
376.00
385.00
373.00
316.00
319.00
310.00
268.00
258.00
246.00
201.00
255.00
338.00
297.00
999999
227.00
227.00
227.00
225.00
235.00
308.00
290.00
239.00
215.00
187.00
182.00
185.00
142.00
88.00
60.00
37.00
39.00
147.00
320.00
466.00
480.00
422.00
385.00
346.00
337.00
266.00
204.00
227.00
275.00
278.00
275.00
999999
240.00
240.00
240.00
240.00
221.00
314.00
293.00
236.00
221.00
193.00
194.00
193.00
165.00
125.00
81.00
22.00
10.00
85.00
224.00
303.00
416.00
422.00
461.00
435.00
414.00
359.00
264.00
203.00
155.00
218.00
262.00
296.00
999999
81.00
81.00
81.00
178.00
248.00
353.00
374.00
260.00
31.00
-80.00
-129.00
-185.00
-209.00
-257.00
-250.00
-232.00
-171.00
-127.00
-93.00
-1.00
15.00
69.00
88.00
139.00
199.00
201.00
222.00
248.00
242.00
148.00
44.00
-104.00
-244.00
-274.00
-223.00
-158.00
999999
114.00
114.00
159.00
263.00
420.00
390.00
345.00
81.00
-83.00
-161.00
-162.00
-240.00
-247.00
-258.00
-209.00
-212.00
-143.00
-135.00
-102.00
98.00
168.00
249.00
310.00
264.00
253.00
245.00
265.00
278.00
154.00
-2.00
-196.00
-233.00
-207.00
-199.00
-114.00
999999
205.00
205.00
223.00
288.00
320.00
327.00
303.00
172.00
-4.00
-71.00
-139.00
-133.00
-156.00
-184.00
-172.00
-162.00
-140.00
-141.00
-57.00
-56.00
-6.00
143.00
212.00
256.00
260.00
194.00
178.00
205.00
270.00
318.00
322.00
221.00
51.00
-116.00
-212.00
-191.00
999999
150.00
150.00
150.00
172.00
307.00
445.00
439.00
288.00
160.00
19.00
-67.00
-53.00
-10.00
-32.00
-69.00
-64.00
-66.00
-62.00
-34.00
7.00
77.00
121.00
212.00
271.00
299.00
313.00
298.00
289.00
295.00
313.00
372.00
377.00
275.00
114.00
-12.00
-40.00
-23.00
-35.00
999999
-34.00
-34.00
-68.00
21.00
122.00
169.00
241.00
190.00
65.00
-66.00
-221.00
-259.00
-251.00
-274.00
-264.00
-259.00
-222.00
-215.00
-230.00
-196.00
-132.00
18.00
75.00
145.00
134.00
135.00
124.00
161.00
194.00
211.00
196.00
77.00
-65.00
-159.00
-249.00
-251.00
-222.00
-192.00
-125.00
999999
176.00
176.00
154.00
170.00
106.00
110.00
83.00
94.00
162.00
196.00
232.00
273.00
290.00
274.00
257.00
245.00
222.00
214.00
236.00
253.00
256.00
219.00
192.00
165.00
163.00
157.00
160.00
150.00
144.00
140.00
136.00
119.00
171.00
240.00
281.00
374.00
358.00
357.00
999999
127.00
127.00
129.00
105.00
27.00
21.00
44.00
78.00
137.00
202.00
242.00
267.00
263.00
275.00
268.00
254.00
245.00
236.00
242.00
233.00
221.00
170.00
151.00
127.00
134.00
104.00
127.00
129.00
113.00
104.00
81.00
70.00
60.00
92.00
144.00
197.00
248.00
297.00
286.00
285.00
999999
48.00
48.00
48.00
-101.00
-156.00
-185.00
-179.00
-99.00
21.00
141.00
220.00
293.00
318.00
307.00
288.00
249.00
234.00
199.00
194.00
205.00
182.00
167.00
67.00
50.00
6.00
5.00
12.00
37.00
48.00
47.00
12.00
2.00
-40.00
-64.00
-70.00
-33.00
68.00
185.00
282.00
318.00
319.00
303.00
263.00
999999
100.00
100.00
100.00
51.00
34.00
11.00
9.00
47.00
95.00
155.00
191.00
222.00
257.00
270.00
277.00
276.00
264.00
255.00
255.00
270.00
286.00
246.00
230.00
174.00
122.00
139.00
84.00
105.00
55.00
58.00
64.00
43.00
55.00
40.00
37.00
29.00
12.00
130.00
317.00
364.00
372.00
333.00
317.00
243.00
213.00
194.00
999999
88.00
88.00
51.00
29.00
7.00
-84.00
-101.00
-75.00
5.00
105.00
222.00
288.00
291.00
294.00
277.00
259.00
249.00
217.00
203.00
196.00
215.00
219.00
247.00
147.00
92.00
97.00
54.00
54.00
62.00
78.00
66.00
50.00
39.00
44.00
25.00
26.00
3.00
7.00
25.00
80.00
225.00
305.00
335.00
336.00
318.00
266.00
999999
74.00
74.00
74.00
-84.00
-205.00
-234.00
-228.00
-127.00
-34.00
131.00
174.00
217.00
224.00
216.00
193.00
160.00
132.00
143.00
139.00
171.00
191.00
208.00
209.00
154.00
94.00
11.00
-48.00
-64.00
-26.00
-26.00
-33.00
-36.00
-71.00
-92.00
-82.00
-78.00
-101.00
-73.00
-35.00
107.00
206.00
254.00
281.00
267.00
231.00
180.00
118.00
106.00
97.00
999999
-179.00
-179.00
-179.00
-87.00
-8.00
100.00
158.00
201.00
235.00
226.00
207.00
181.00
163.00
140.00
152.00
162.00
163.00
165.00
167.00
178.00
188.00
167.00
117.00
52.00
-24.00
-84.00
-44.00
-68.00
-42.00
20.00
30.00
14.00
8.00
5.00
-23.00
-61.00
-79.00
-108.00
-122.00
-80.00
-12.00
164.00
218.00
256.00
259.00
234.00
174.00
999999
-35.00
-35.00
-56.00
-7.00
-1.00
7.00
-3.00
-9.00
-29.00
-18.00
-1.00
44.00
62.00
57.00
66.00
39.00
1.00
11.00
1.00
-12.00
-6.00
2.00
16.00
19.00
-15.00
114.00
65.00
108.00
106.00
167.00
150.00
93.00
83.00
102.00
78.00
60.00
67.00
69.00
72.00
0.00
-1.00
104.00
188.00
127.00
66.00
32.00
91.00
50.00
58.00
999999
-55.00
-55.00
-55.00
-114.00
-184.00
-202.00
-173.00
-119.00
-7.00
85.00
174.00
235.00
289.00
317.00
340.00
363.00
334.00
288.00
257.00
248.00
175.00
133.00
39.00
-14.00
-54.00
-127.00
-137.00
-171.00
-181.00
-162.00
-136.00
-115.00
-56.00
13.00
109.00
205.00
266.00
284.00
281.00
999999
-145.00
-145.00
-145.00
-73.00
-17.00
37.00
90.00
120.00
126.00
128.00
125.00
122.00
88.00
64.00
70.00
86.00
114.00
116.00
134.00
139.00
137.00
131.00
85.00
43.00
16.00
-48.00
-75.00
-105.00
-96.00
-54.00
-28.00
-2.00
5.00
4.00
8.00
-1.00
-14.00
-30.00
-47.00
-65.00
-79.00
-107.00
-128.00
-103.00
-59.00
17.00
99.00
157.00
190.00
175.00
166.00
999999
-152.00
-152.00
-152.00
-164.00
-156.00
-112.00
-59.00
-28.00
11.00
48.00
83.00
107.00
122.00
136.00
125.00
124.00
117.00
125.00
124.00
135.00
147.00
136.00
120.00
94.00
87.00
66.00
56.00
12.00
-1.00
-29.00
-49.00
-37.00
-49.00
-19.00
-11.00
-8.00
-16.00
-44.00
-51.00
-65.00
-61.00
-67.00
-53.00
-23.00
40.00
97.00
139.00
185.00
214.00
200.00
999999
-7.00
-7.00
-7.00
-58.00
-81.00
-113.00
-143.00
-134.00
-105.00
-51.00
-17.00
32.00
56.00
93.00
103.00
111.00
119.00
100.00
104.00
103.00
112.00
122.00
128.00
126.00
111.00
110.00
77.00
46.00
11.00
-19.00
-31.00
-20.00
-23.00
14.00
14.00
2.00
4.00
-28.00
-50.00
-78.00
-97.00
-95.00
-59.00
27.00
82.00
160.00
192.00
194.00
177.00
999999
86.00
157.00
157.00
80.00
71.00
52.00
13.00
9.00
7.00
63.00
132.00
142.00
171.00
190.00
158.00
130.00
127.00
127.00
123.00
134.00
139.00
127.00
129.00
140.00
136.00
99.00
131.00
139.00
122.00
144.00
171.00
203.00
208.00
171.00
162.00
147.00
132.00
103.00
104.00
90.00
75.00
47.00
49.00
72.00
185.00
248.00
228.00
210.00
194.00
168.00
999999
108.00
108.00
100.00
91.00
69.00
29.00
85.00
123.00
131.00
111.00
111.00
116.00
126.00
121.00
128.00
122.00
101.00
99.00
89.00
85.00
73.00
43.00
66.00
140.00
116.00
183.00
197.00
285.00
263.00
229.00
178.00
153.00
129.00
102.00
105.00
112.00
126.00
97.00
118.00
191.00
187.00
148.00
178.00
999999
-66.00
-66.00
-85.00
-97.00
-152.00
-146.00
-144.00
-80.00
-17.00
46.00
108.00
157.00
190.00
197.00
209.00
207.00
214.00
196.00
203.00
193.00
190.00
181.00
163.00
177.00
52.00
-21.00
-15.00
-34.00
-18.00
-8.00
26.00
4.00
-6.00
-27.00
-13.00
-36.00
-54.00
-77.00
-70.00
16.00
14.00
126.00
205.00
230.00
216.00
191.00
999999
64.00
64.00
50.00
57.00
49.00
63.00
75.00
66.00
29.00
50.00
69.00
93.00
125.00
141.00
159.00
177.00
174.00
149.00
142.00
150.00
126.00
129.00
134.00
143.00
140.00
164.00
171.00
160.00
125.00
-53.00
22.00
141.00
240.00
246.00
161.00
155.00
147.00
123.00
110.00
101.00
98.00
119.00
118.00
94.00
67.00
131.00
198.00
133.00
210.00
188.00
188.00
150.00
999999
100.00
85.00
85.00
93.00
61.00
47.00
25.00
15.00
35.00
87.00
118.00
128.00
166.00
189.00
206.00
204.00
197.00
192.00
179.00
172.00
166.00
163.00
159.00
159.00
156.00
139.00
131.00
154.00
153.00
145.00
189.00
185.00
171.00
138.00
128.00
120.00
110.00
117.00
117.00
141.00
169.00
206.00
238.00
243.00
999999
134.00
134.00
134.00
94.00
102.00
115.00
121.00
122.00
142.00
149.00
169.00
156.00
160.00
137.00
116.00
84.00
61.00
41.00
33.00
46.00
68.00
98.00
122.00
146.00
159.00
210.00
240.00
235.00
253.00
258.00
250.00
225.00
193.00
153.00
157.00
151.00
134.00
140.00
150.00
150.00
133.00
124.00
130.00
999999
159.00
159.00
159.00
160.00
187.00
192.00
245.00
214.00
224.00
215.00
233.00
234.00
200.00
195.00
144.00
162.00
179.00
156.00
202.00
230.00
265.00
255.00
251.00
232.00
223.00
211.00
228.00
246.00
283.00
295.00
296.00
282.00
261.00
263.00
274.00
275.00
229.00
230.00
271.00
999999
169.00
159.00
159.00
212.00
257.00
262.00
256.00
229.00
246.00
230.00
250.00
240.00
213.00
173.00
160.00
154.00
169.00
160.00
158.00
197.00
204.00
242.00
266.00
330.00
312.00
263.00
237.00
222.00
222.00
210.00
239.00
259.00
267.00
331.00
394.00
203.00
224.00
263.00
270.00
267.00
999999
207.00
190.00
190.00
194.00
184.00
215.00
175.00
212.00
183.00
194.00
240.00
231.00
284.00
256.00
253.00
212.00
212.00
166.00
151.00
147.00
143.00
123.00
148.00
134.00
129.00
138.00
202.00
224.00
322.00
352.00
346.00
339.00
334.00
305.00
277.00
254.00
237.00
226.00
270.00
194.00
234.00
264.00
298.00
277.00
254.00
284.00
999999
184.00
184.00
159.00
185.00
181.00
189.00
192.00
173.00
246.00
248.00
284.00
245.00
273.00
235.00
213.00
162.00
167.00
177.00
187.00
167.00
206.00
180.00
172.00
198.00
232.00
201.00
175.00
214.00
234.00
272.00
316.00
297.00
267.00
278.00
256.00
279.00
264.00
257.00
240.00
300.00
266.00
196.00
200.00
312.00
329.00
303.00
999999
177.00
177.00
151.00
177.00
179.00
219.00
217.00
237.00
229.00
250.00
259.00
244.00
255.00
257.00
251.00
197.00
170.00
171.00
146.00
152.00
179.00
144.00
184.00
184.00
201.00
187.00
207.00
230.00
288.00
279.00
339.00
336.00
301.00
299.00
285.00
242.00
226.00
271.00
256.00
207.00
255.00
279.00
318.00
282.00
999999
-72.00
-72.00
-72.00
-146.00
-128.00
-187.00
-144.00
-112.00
-108.00
50.00
187.00
247.00
250.00
258.00
243.00
217.00
178.00
191.00
197.00
219.00
214.00
195.00
169.00
154.00
130.00
106.00
90.00
66.00
28.00
-10.00
-41.00
-31.00
-17.00
-57.00
-39.00
-59.00
-101.00
-157.00
-234.00
-233.00
-7.00
160.00
243.00
302.00
291.00
285.00
264.00
239.00
999999
1.00
-31.00
-31.00
-67.00
-147.00
-224.00
-307.00
-191.00
-55.00
121.00
262.00
289.00
238.00
242.00
197.00
176.00
193.00
210.00
231.00
249.00
279.00
269.00
225.00
198.00
137.00
35.00
7.00
-16.00
-53.00
-36.00
-31.00
-33.00
-52.00
-108.00
-164.00
-237.00
-163.00
139.00
278.00
369.00
361.00
328.00
999999
-81.00
-109.00
-109.00
-197.00
-317.00
-308.00
-240.00
26.00
124.00
210.00
236.00
232.00
189.00
205.00
179.00
205.00
233.00
280.00
292.00
263.00
221.00
161.00
99.00
-8.00
-58.00
-118.00
-130.00
-138.00
-106.00
-98.00
-169.00
-312.00
-396.00
-212.00
113.00
305.00
334.00
327.00
290.00
999999
-67.00
-67.00
-131.00
-245.00
-365.00
-374.00
-190.00
89.00
215.00
328.00
292.00
317.00
275.00
204.00
137.00
157.00
137.00
210.00
258.00
297.00
296.00
225.00
215.00
12.00
-53.00
-64.00
-127.00
-94.00
-89.00
-104.00
-59.00
-106.00
-138.00
-211.00
-318.00
-193.00
136.00
265.00
312.00
374.00
317.00
250.00
999999
-29.00
-29.00
-29.00
-127.00
-345.00
-417.00
-261.00
-15.00
100.00
239.00
267.00
271.00
246.00
163.00
159.00
131.00
143.00
231.00
240.00
210.00
246.00
222.00
136.00
134.00
14.00
-53.00
-115.00
-105.00
-85.00
-115.00
-73.00
-68.00
-69.00
-55.00
-59.00
-73.00
-130.00
-191.00
-265.00
-175.00
23.00
164.00
299.00
313.00
280.00
999999
173.00
159.00
159.00
190.00
134.00
161.00
169.00
215.00
281.00
253.00
288.00
259.00
239.00
225.00
192.00
168.00
153.00
162.00
164.00
177.00
160.00
146.00
213.00
227.00
231.00
266.00
275.00
282.00
273.00
306.00
291.00
255.00
257.00
274.00
254.00
248.00
242.00
183.00
255.00
242.00
290.00
281.00
278.00
268.00
257.00
999999
130.00
151.00
151.00
119.00
155.00
209.00
225.00
314.00
324.00
273.00
260.00
239.00
194.00
156.00
131.00
129.00
108.00
154.00
185.00
183.00
179.00
242.00
263.00
322.00
328.00
323.00
286.00
264.00
284.00
230.00
210.00
222.00
230.00
201.00
266.00
278.00
363.00
324.00
999999
-40.00
-40.00
-80.00
-125.00
-157.00
-244.00
-292.00
-214.00
9.00
51.00
191.00
257.00
230.00
203.00
143.00
164.00
134.00
171.00
205.00
240.00
223.00
204.00
188.00
138.00
64.00
-6.00
-78.00
-121.00
-181.00
-131.00
-69.00
-121.00
-181.00
-228.00
-237.00
-186.00
-32.00
163.00
240.00
285.00
298.00
999999
67.00
76.00
76.00
101.00
198.00
373.00
423.00
340.00
223.00
125.00
-37.00
-86.00
-100.00
-101.00
-103.00
-103.00
-62.00
-51.00
-73.00
-69.00
-97.00
-97.00
-60.00
-71.00
-56.00
16.00
41.00
120.00
191.00
270.00
298.00
301.00
279.00
237.00
296.00
317.00
376.00
425.00
230.00
117.00
42.00
-38.00
-57.00
-16.00
20.00
65.00
999999
87.00
87.00
74.00
108.00
188.00
322.00
291.00
202.00
162.00
53.00
-68.00
-99.00
-117.00
-135.00
-102.00
-92.00
-93.00
-65.00
-81.00
-86.00
-114.00
-131.00
-152.00
-124.00
-112.00
-112.00
-19.00
69.00
146.00
209.00
248.00
251.00
225.00
229.00
230.00
264.00
325.00
354.00
348.00
202.00
91.00
35.00
-29.00
-98.00
-78.00
-51.00
8.00
999999
-121.00
-121.00
-186.00
-244.00
-312.00
-263.00
-132.00
33.00
179.00
251.00
223.00
183.00
142.00
101.00
126.00
186.00
217.00
283.00
273.00
241.00
154.00
135.00
35.00
-72.00
-163.00
-136.00
-173.00
-183.00
-163.00
-196.00
-216.00
-221.00
-68.00
99.00
199.00
278.00
315.00
999999
-70.00
-70.00
-70.00
-197.00
-246.00
-267.00
-125.00
38.00
123.00
202.00
186.00
176.00
151.00
117.00
104.00
123.00
171.00
210.00
207.00
239.00
256.00
190.00
165.00
134.00
43.00
-31.00
-79.00
-65.00
-75.00
-84.00
-79.00
-82.00
-107.00
-128.00
-180.00
-173.00
-72.00
114.00
175.00
216.00
262.00
272.00
999999
-29.00
-29.00
-29.00
-71.00
-157.00
-244.00
-263.00
-160.00
-36.00
79.00
164.00
182.00
155.00
125.00
94.00
108.00
107.00
148.00
182.00
192.00
192.00
196.00
165.00
99.00
52.00
-20.00
-73.00
-99.00
-95.00
-86.00
-99.00
-117.00
-121.00
-130.00
-144.00
-55.00
-13.00
124.00
196.00
210.00
224.00
223.00
208.00
999999
-179.00
-179.00
-179.00
-272.00
-307.00
-251.00
-10.00
112.00
181.00
195.00
211.00
191.00
127.00
129.00
104.00
128.00
159.00
182.00
200.00
228.00
256.00
193.00
127.00
12.00
-72.00
-118.00
-110.00
-121.00
-113.00
-106.00
-111.00
-167.00
-191.00
-200.00
-53.00
68.00
195.00
268.00
244.00
999999
-81.00
-81.00
-81.00
-216.00
-347.00
-389.00
-240.00
9.00
155.00
219.00
238.00
202.00
190.00
117.00
84.00
69.00
113.00
161.00
242.00
226.00
214.00
178.00
140.00
86.00
49.00
-4.00
-70.00
-94.00
-118.00
-110.00
-114.00
-137.00
-171.00
-193.00
-223.00
-132.00
-6.00
129.00
215.00
235.00
268.00
209.00
189.00
999999
-208.00
-208.00
-291.00
-380.00
-306.00
-37.00
76.00
151.00
215.00
238.00
211.00
170.00
138.00
114.00
115.00
143.00
172.00
193.00
212.00
213.00
216.00
172.00
50.00
20.00
-31.00
-42.00
-67.00
-101.00
-107.00
-153.00
-165.00
-190.00
-197.00
-135.00
5.00
141.00
252.00
279.00
286.00
999999
17.00
17.00
-24.00
-58.00
-192.00
-308.00
-257.00
-21.00
115.00
237.00
243.00
224.00
201.00
141.00
147.00
245.00
274.00
257.00
257.00
221.00
173.00
91.00
93.00
47.00
-14.00
-17.00
-56.00
-35.00
-19.00
-3.00
-30.00
-56.00
-83.00
-168.00
-121.00
12.00
98.00
229.00
301.00
313.00
305.00
246.00
999999
-11.00
-11.00
-11.00
-71.00
-285.00
-383.00
-345.00
-39.00
50.00
123.00
156.00
112.00
92.00
73.00
30.00
60.00
102.00
146.00
197.00
206.00
202.00
202.00
160.00
129.00
39.00
-4.00
-42.00
-89.00
-108.00
-123.00
-120.00
-108.00
-119.00
-143.00
-188.00
-253.00
-161.00
-23.00
91.00
177.00
248.00
245.00
189.00
165.00
999999
-82.00
-145.00
-145.00
-240.00
-273.00
-217.00
-126.00
88.00
194.00
207.00
255.00
200.00
154.00
135.00
172.00
180.00
267.00
266.00
270.00
264.00
220.00
198.00
131.00
38.00
-17.00
-55.00
-86.00
-105.00
-126.00
-140.00
-168.00
-165.00
-155.00
-33.00
62.00
180.00
273.00
999999
142.00
142.00
142.00
192.00
291.00
374.00
329.00
254.00
161.00
65.00
-11.00
-33.00
-55.00
-65.00
-70.00
-90.00
-64.00
-77.00
-66.00
-77.00
-46.00
-30.00
-5.00
19.00
64.00
122.00
191.00
237.00
268.00
302.00
273.00
287.00
302.00
346.00
334.00
328.00
191.00
126.00
28.00
-48.00
-64.00
-3.00
999999
108.00
108.00
102.00
120.00
190.00
270.00
247.00
270.00
210.00
83.00
53.00
-10.00
-63.00
-56.00
-102.00
-92.00
-70.00
-64.00
-72.00
-61.00
-65.00
-73.00
-81.00
-58.00
-35.00
-7.00
48.00
117.00
179.00
230.00
257.00
258.00
272.00
258.00
248.00
252.00
242.00
255.00
187.00
85.00
9.00
-63.00
-77.00
-74.00
-42.00
19.00
999999
71.00
71.00
71.00
134.00
212.00
311.00
431.00
429.00
291.00
106.00
32.00
10.00
-18.00
-33.00
-39.00
-39.00
-50.00
-40.00
-35.00
-60.00
-41.00
-60.00
-83.00
-43.00
-22.00
63.00
134.00
255.00
318.00
354.00
332.00
317.00
313.00
317.00
356.00
321.00
212.00
151.00
33.00
-45.00
-65.00
999999
248.00
248.00
269.00
364.00
321.00
164.00
117.00
-53.00
-154.00
-55.00
-162.00
-79.00
-102.00
-107.00
-84.00
-88.00
-67.00
-53.00
-90.00
-76.00
-80.00
-85.00
-81.00
-33.00
-25.00
37.00
75.00
135.00
218.00
233.00
218.00
204.00
177.00
166.00
174.00
178.00
236.00
285.00
294.00
24.00
-15.00
-57.00
-101.00
999999
15.00
15.00
15.00
-23.00
-82.00
-168.00
-151.00
-23.00
38.00
119.00
229.00
250.00
272.00
215.00
182.00
160.00
191.00
163.00
191.00
221.00
213.00
215.00
205.00
211.00
152.00
129.00
115.00
67.00
34.00
37.00
34.00
12.00
-5.00
-52.00
-76.00
-79.00
40.00
109.00
195.00
262.00
301.00
301.00
278.00
999999
-98.00
-98.00
-167.00
-321.00
-391.00
-284.00
-45.00
115.00
168.00
252.00
248.00
223.00
207.00
179.00
160.00
158.00
145.00
182.00
202.00
196.00
216.00
174.00
153.00
108.00
49.00
3.00
-25.00
-106.00
-112.00
-148.00
-159.00
-152.00
-189.00
-194.00
-109.00
36.00
151.00
235.00
275.00
309.00
999999
-141.00
-123.00
-123.00
-264.00
-237.00
-36.00
30.00
34.00
125.00
211.00
216.00
228.00
183.00
166.00
151.00
162.00
195.00
232.00
220.00
198.00
180.00
175.00
154.00
127.00
113.00
81.00
20.00
-28.00
-61.00
-50.00
-50.00
-44.00
-51.00
-55.00
-77.00
-78.00
-98.00
-1.00
55.00
125.00
189.00
252.00
266.00
229.00
999999
-94.00
-134.00
-134.00
-181.00
-275.00
-331.00
-239.00
-82.00
127.00
183.00
229.00
213.00
225.00
196.00
167.00
150.00
189.00
174.00
195.00
189.00
181.00
142.00
123.00
119.00
92.00
47.00
56.00
4.00
-14.00
-29.00
-33.00
-31.00
-34.00
-40.00
-58.00
-57.00
-97.00
-122.00
-68.00
73.00
139.00
248.00
270.00
256.00
236.00
999999
154.00
154.00
154.00
210.00
393.00
445.00
363.00
248.00
52.00
-66.00
-131.00
-139.00
-127.00
-110.00
-82.00
-89.00
-70.00
-47.00
-69.00
-78.00
-70.00
-99.00
-93.00
-53.00
-65.00
-29.00
29.00
53.00
133.00
178.00
244.00
260.00
231.00
222.00
226.00
243.00
248.00
302.00
271.00
216.00
102.00
-43.00
-87.00
-119.00
-106.00
-61.00
-33.00
49.00
999999
493.00
493.00
441.00
384.00
209.00
155.00
-124.00
-142.00
-261.00
-190.00
-270.00
-187.00
-186.00
-172.00
-100.00
-122.00
-130.00
-154.00
-186.00
-167.00
-140.00
-130.00
-92.00
-12.00
51.00
78.00
152.00
182.00
170.00
128.00
134.00
140.00
141.00
166.00
242.00
397.00
331.00
63.00
-24.00
-148.00
-187.00
-162.00
-121.00
-91.00
1.00
12.00
999999
91.00
95.00
95.00
157.00
284.00
425.00
422.00
230.00
102.00
-109.00
-148.00
-169.00
-148.00
-137.00
-112.00
-103.00
-91.00
-78.00
-97.00
-100.00
-127.00
-108.00
-114.00
-111.00
-74.00
-36.00
23.00
83.00
133.00
162.00
161.00
159.00
164.00
169.00
198.00
224.00
233.00
177.00
34.00
-74.00
-194.00
-217.00
-192.00
999999
28.00
28.00
28.00
153.00
260.00
370.00
311.00
108.00
14.00
-101.00
-142.00
-157.00
-136.00
-132.00
-111.00
-108.00
-102.00
-107.00
-101.00
-105.00
-118.00
-104.00
-118.00
-111.00
-94.00
-65.00
-26.00
50.00
79.00
133.00
151.00
133.00
128.00
111.00
99.00
127.00
195.00
220.00
181.00
71.00
-82.00
-162.00
-193.00
-185.00
-149.00
-120.00
999999
28.00
28.00
32.00
41.00
45.00
55.00
71.00
149.00
311.00
378.00
324.00
157.00
11.00
-106.00
-167.00
-169.00
-126.00
-100.00
-67.00
-52.00
-59.00
-79.00
-116.00
-126.00
-123.00
-115.00
-77.00
-58.00
-14.00
32.00
71.00
96.00
113.00
134.00
133.00
112.00
93.00
82.00
89.00
122.00
189.00
228.00
198.00
35.00
-66.00
-140.00
-152.00
-150.00
999999
399.00
399.00
399.00
255.00
76.00
-57.00
-123.00
-168.00
-183.00
-164.00
-142.00
-105.00
-78.00
-51.00
-29.00
-15.00
-17.00
-33.00
-69.00
-90.00
-123.00
-129.00
-134.00
-107.00
-79.00
13.00
40.00
64.00
95.00
123.00
137.00
140.00
137.00
127.00
123.00
144.00
201.00
298.00
282.00
103.00
-62.00
-182.00
-217.00
-207.00
-150.00
-69.00
999999
57.00
53.00
53.00
118.00
245.00
395.00
334.00
149.00
13.00
-64.00
-176.00
-179.00
-177.00
-164.00
-136.00
-116.00
-92.00
-83.00
-78.00
-106.00
-115.00
-126.00
-115.00
-113.00
-102.00
-57.00
-29.00
25.00
103.00
164.00
183.00
190.00
166.00
148.00
156.00
189.00
236.00
237.00
168.00
32.00
-95.00
-157.00
-189.00
-167.00
-116.00
999999
87.00
95.00
95.00
216.00
361.00
408.00
255.00
107.00
-25.00
-140.00
-163.00
-160.00
-136.00
-124.00
-94.00
-82.00
-77.00
-55.00
-66.00
-81.00
-112.00
-137.00
-142.00
-148.00
-135.00
-97.00
-51.00
17.00
67.00
114.00
144.00
156.00
147.00
135.00
133.00
143.00
197.00
261.00
293.00
233.00
36.00
-116.00
-192.00
-224.00
-181.00
-142.00
999999
-58.00
-69.00
-69.00
-167.00
-305.00
-429.00
-375.00
-204.00
49.00
159.00
249.00
251.00
262.00
208.00
161.00
172.00
181.00
171.00
173.00
192.00
159.00
169.00
121.00
59.00
51.00
-48.00
-110.00
-149.00
-106.00
-136.00
-173.00
-220.00
-305.00
-273.00
-175.00
45.00
140.00
254.00
308.00
251.00
206.00
188.00
120.00
999999
236.00
265.00
265.00
359.00
400.00
244.00
142.00
39.00
-25.00
-81.00
-95.00
-102.00
-84.00
-77.00
-69.00
-66.00
-81.00
-96.00
-114.00
-88.00
-68.00
-51.00
-1.00
32.00
77.00
115.00
140.00
214.00
237.00
257.00
226.00
172.00
137.00
119.00
113.00
110.00
130.00
176.00
234.00
166.00
79.00
-7.00
-94.00
-161.00
-160.00
-118.00
999999
54.00
54.00
54.00
69.00
229.00
308.00
343.00
229.00
118.00
24.00
-60.00
-77.00
-101.00
-105.00
-102.00
-81.00
-72.00
-64.00
-72.00
-76.00
-84.00
-89.00
-85.00
-80.00
-75.00
-59.00
-41.00
-6.00
36.00
74.00
106.00
119.00
125.00
129.00
134.00
107.00
92.00
77.00
97.00
105.00
113.00
129.00
146.00
152.00
153.00
133.00
65.00
-19.00
-83.00
-126.00
-135.00
-121.00
999999
71.00
102.00
102.00
70.00
83.00
146.00
219.00
304.00
276.00
239.00
188.00
103.00
47.00
-61.00
-102.00
-123.00
-114.00
-104.00
-90.00
-61.00
-55.00
-58.00
-80.00
-76.00
-78.00
-61.00
-60.00
-49.00
-22.00
-33.00
1.00
19.00
62.00
84.00
120.00
128.00
132.00
121.00
139.00
134.00
128.00
124.00
125.00
109.00
120.00
118.00
123.00
141.00
151.00
183.00
192.00
154.00
60.00
6.00
-82.00
-102.00
-128.00
-87.00
999999
104.00
104.00
111.00
182.00
315.00
386.00
299.00
193.00
64.00
-24.00
-104.00
-114.00
-132.00
-110.00
-97.00
-84.00
-71.00
-64.00
-57.00
-55.00
-65.00
-71.00
-93.00
-104.00
-100.00
-109.00
-81.00
-47.00
9.00
53.00
83.00
128.00
167.00
212.00
231.00
226.00
183.00
145.00
124.00
125.00
124.00
134.00
164.00
211.00
297.00
289.00
160.00
65.00
-59.00
-129.00
-144.00
-116.00
-73.00
-43.00
27.00
999999
88.00
88.00
90.00
124.00
209.00
275.00
287.00
219.00
143.00
41.00
-49.00
-88.00
-136.00
-145.00
-132.00
-104.00
-95.00
-66.00
-55.00
-59.00
-69.00
-83.00
-78.00
-67.00
-83.00
-55.00
-44.00
-16.00
-3.00
92.00
142.00
192.00
226.00
232.00
199.00
171.00
143.00
131.00
132.00
141.00
164.00
185.00
211.00
259.00
249.00
122.00
27.00
-60.00
-99.00
-119.00
-98.00
-71.00
-39.00
999999
39.00
42.00
42.00
106.00
280.00
487.00
442.00
255.00
32.00
-100.00
-175.00
-190.00
-160.00
-124.00
-98.00
-82.00
-93.00
-105.00
-127.00
-138.00
-152.00
-140.00
-131.00
-91.00
-19.00
55.00
109.00
133.00
156.00
194.00
178.00
169.00
148.00
128.00
126.00
129.00
136.00
164.00
223.00
288.00
335.00
269.00
143.00
-51.00
-134.00
-167.00
-145.00
999999
82.00
82.00
96.00
110.00
186.00
356.00
420.00
369.00
218.00
36.00
-75.00
-170.00
-183.00
-171.00
-135.00
-96.00
-83.00
-75.00
-66.00
-70.00
-107.00
-112.00
-113.00
-129.00
-135.00
-128.00
-55.00
0.00
95.00
165.00
204.00
270.00
275.00
340.00
375.00
402.00
429.00
401.00
337.00
113.00
-101.00
-243.00
-278.00
-250.00
-179.00
-157.00
999999
63.00
63.00
68.00
78.00
125.00
199.00
333.00
312.00
222.00
100.00
2.00
-46.00
-81.00
-93.00
-81.00
-63.00
-41.00
-24.00
-13.00
-21.00
-34.00
-60.00
-67.00
-91.00
-74.00
-69.00
-33.00
-10.00
12.00
64.00
86.00
137.00
161.00
178.00
176.00
169.00
175.00
162.00
167.00
193.00
213.00
244.00
231.00
164.00
104.00
12.00
-72.00
-131.00
-149.00
-143.00
-100.00
-62.00
999999
146.00
146.00
146.00
120.00
220.00
283.00
319.00
218.00
116.00
16.00
-64.00
-86.00
-114.00
-102.00
-85.00
-70.00
-60.00
-60.00
-61.00
-67.00
-79.00
-83.00
-100.00
-99.00
-99.00
-92.00
-80.00
-37.00
18.00
77.00
139.00
166.00
206.00
200.00
202.00
192.00
189.00
211.00
250.00
253.00
244.00
173.00
87.00
-21.00
-118.00
-156.00
-144.00
-117.00
-91.00
-37.00
-5.00
999999
63.00
63.00
63.00
138.00
229.00
304.00
263.00
203.00
97.00
-10.00
-42.00
-90.00
-108.00
-115.00
-94.00
-76.00
-61.00
-48.00
-45.00
-63.00
-64.00
-79.00
-90.00
-88.00
-100.00
-71.00
-67.00
-24.00
-11.00
9.00
41.00
96.00
141.00
180.00
202.00
188.00
158.00
131.00
109.00
102.00
110.00
134.00
177.00
219.00
225.00
195.00
95.00
-15.00
-90.00
-149.00
-155.00
-142.00
-120.00
-74.00
-41.00
999999
106.00
106.00
106.00
141.00
215.00
261.00
295.00
281.00
187.00
108.00
-27.00
-94.00
-115.00
-139.00
-122.00
-105.00
-78.00
-72.00
-53.00
-57.00
-63.00
-69.00
-96.00
-107.00
-108.00
-105.00
-88.00
-61.00
-7.00
18.00
74.00
112.00
165.00
190.00
188.00
193.00
187.00
178.00
191.00
199.00
227.00
263.00
224.00
157.00
47.00
-49.00
-130.00
-143.00
-143.00
-94.00
-61.00
999999
54.00
54.00
32.00
62.00
120.00
250.00
320.00
253.00
144.00
55.00
-43.00
-93.00
-93.00
-97.00
-89.00
-100.00
-97.00
-94.00
-72.00
-65.00
-59.00
-64.00
-75.00
-81.00
-66.00
-75.00
-92.00
-112.00
-96.00
-51.00
15.00
70.00
108.00
131.00
163.00
190.00
187.00
189.00
196.00
191.00
199.00
221.00
238.00
207.00
125.00
21.00
-68.00
-110.00
-129.00
-103.00
-81.00
-45.00
-5.00
999999
114.00
114.00
114.00
122.00
222.00
306.00
301.00
235.00
80.00
-10.00
-107.00
-158.00
-164.00
-142.00
-128.00
-97.00
-94.00
-102.00
-123.00
-126.00
-130.00
-115.00
-111.00
-50.00
-3.00
77.00
114.00
180.00
220.00
257.00
263.00
258.00
245.00
255.00
232.00
141.00
46.00
-56.00
-104.00
-130.00
-128.00
-100.00
-76.00
-28.00
-13.00
999999
66.00
66.00
64.00
103.00
158.00
253.00
310.00
311.00
173.00
97.00
-58.00
-89.00
-119.00
-129.00
-107.00
-89.00
-79.00
-88.00
-94.00
-106.00
-117.00
-113.00
-105.00
-75.00
-44.00
-3.00
50.00
112.00
145.00
212.00
222.00
214.00
224.00
229.00
233.00
254.00
275.00
251.00
157.00
58.00
999999
144.00
144.00
144.00
-11.00
-92.00
-142.00
-128.00
-108.00
-107.00
-84.00
-68.00
-44.00
-13.00
7.00
28.00
25.00
-5.00
-36.00
-43.00
-64.00
-75.00
-81.00
-69.00
-61.00
-35.00
-4.00
20.00
70.00
94.00
134.00
146.00
149.00
154.00
114.00
114.00
107.00
128.00
144.00
157.00
192.00
224.00
224.00
138.00
66.00
-26.00
-81.00
-115.00
-115.00
-96.00
-70.00
-36.00
999999
196.00
196.00
200.00
237.00
229.00
268.00
256.00
314.00
300.00
248.00
214.00
229.00
217.00
232.00
207.00
191.00
192.00
179.00
191.00
177.00
169.00
188.00
179.00
190.00
214.00
220.00
207.00
190.00
224.00
240.00
281.00
329.00
373.00
352.00
346.00
313.00
286.00
245.00
216.00
202.00
244.00
201.00
262.00
327.00
351.00
313.00
999999
252.00
252.00
252.00
226.00
206.00
194.00
200.00
230.00
245.00
240.00
255.00
231.00
278.00
314.00
260.00
227.00
240.00
198.00
166.00
180.00
205.00
171.00
184.00
216.00
246.00
244.00
296.00
302.00
295.00
286.00
282.00
280.00
291.00
306.00
258.00
226.00
262.00
294.00
300.00
288.00
227.00
999999
272.00
272.00
272.00
218.00
260.00
282.00
302.00
264.00
263.00
256.00
263.00
218.00
210.00
216.00
201.00
231.00
219.00
217.00
224.00
182.00
189.00
184.00
200.00
183.00
136.00
164.00
178.00
179.00
227.00
253.00
296.00
337.00
322.00
331.00
321.00
301.00
276.00
274.00
257.00
284.00
288.00
299.00
276.00
252.00
252.00
256.00
264.00
244.00
239.00
227.00
999999
278.00
278.00
278.00
280.00
286.00
242.00
246.00
236.00
264.00
246.00
225.00
251.00
229.00
211.00
220.00
204.00
179.00
252.00
208.00
213.00
220.00
226.00
172.00
198.00
209.00
217.00
233.00
222.00
271.00
281.00
268.00
287.00
270.00
288.00
276.00
282.00
265.00
257.00
260.00
259.00
246.00
268.00
277.00
275.00
258.00
252.00
248.00
253.00
257.00
272.00
254.00
262.00
999999
237.00
237.00
237.00
306.00
263.00
270.00
274.00
260.00
223.00
279.00
255.00
241.00
238.00
238.00
223.00
215.00
182.00
206.00
197.00
217.00
220.00
210.00
194.00
211.00
258.00
262.00
262.00
254.00
265.00
278.00
285.00
295.00
269.00
272.00
268.00
256.00
258.00
249.00
246.00
276.00
277.00
250.00
250.00
286.00
276.00
271.00
266.00
253.00
254.00
999999
219.00
219.00
195.00
199.00
192.00
202.00
220.00
254.00
254.00
226.00
236.00
242.00
255.00
269.00
269.00
235.00
214.00
213.00
206.00
195.00
217.00
206.00
208.00
229.00
234.00
245.00
235.00
210.00
238.00
239.00
217.00
273.00
307.00
303.00
311.00
312.00
273.00
265.00
226.00
210.00
238.00
255.00
250.00
258.00
256.00
302.00
304.00
306.00
292.00
272.00
275.00
999999
52.00
52.00
52.00
-55.00
-135.00
-199.00
-239.00
-171.00
-48.00
99.00
207.00
277.00
266.00
255.00
201.00
194.00
161.00
200.00
210.00
255.00
252.00
230.00
252.00
160.00
126.00
72.00
71.00
-65.00
-110.00
-84.00
-165.00
-188.00
-155.00
-199.00
-203.00
-161.00
-34.00
61.00
162.00
243.00
267.00
250.00
233.00
193.00
999999
-118.00
-118.00
-191.00
-297.00
-386.00
-415.00
-153.00
59.00
180.00
267.00
276.00
285.00
222.00
187.00
227.00
235.00
229.00
271.00
172.00
179.00
141.00
67.00
-56.00
-130.00
-156.00
-165.00
-194.00
-200.00
-225.00
-282.00
-325.00
-280.00
-87.00
87.00
259.00
284.00
286.00
255.00
163.00
999999
127.00
127.00
127.00
138.00
200.00
348.00
362.00
321.00
208.00
99.00
-32.00
-83.00
-151.00
-155.00
-140.00
-116.00
-106.00
-76.00
-63.00
-81.00
-83.00
-101.00
-105.00
-123.00
-103.00
-33.00
39.00
138.00
184.00
242.00
261.00
253.00
253.00
258.00
301.00
359.00
384.00
371.00
252.00
68.00
-98.00
-161.00
-199.00
-176.00
999999
103.00
103.00
133.00
157.00
333.00
447.00
443.00
266.00
101.00
-2.00
-87.00
-124.00
-133.00
-129.00
-117.00
-101.00
-67.00
-58.00
-54.00
-48.00
-64.00
-77.00
-97.00
-101.00
-103.00
-98.00
-91.00
-51.00
25.00
98.00
176.00
244.00
255.00
241.00
248.00
216.00
218.00
233.00
236.00
269.00
264.00
148.00
47.00
-45.00
-124.00
-153.00
-140.00
-94.00
-59.00
-10.00
15.00
999999
101.00
101.00
109.00
170.00
273.00
286.00
224.00
140.00
57.00
-15.00
-76.00
-90.00
-96.00
-95.00
-87.00
-69.00
-74.00
-64.00
-42.00
-59.00
-72.00
-108.00
-128.00
-130.00
-127.00
-123.00
-80.00
-31.00
18.00
67.00
144.00
213.00
231.00
238.00
236.00
240.00
240.00
264.00
281.00
287.00
209.00
97.00
-35.00
-145.00
-198.00
-188.00
-145.00
-86.00
999999
164.00
164.00
164.00
145.00
260.00
312.00
283.00
198.00
91.00
2.00
-57.00
-98.00
-117.00
-129.00
-114.00
-110.00
-105.00
-93.00
-75.00
-75.00
-75.00
-88.00
-97.00
-97.00
-112.00
-114.00
-94.00
-83.00
-69.00
-2.00
52.00
103.00
135.00
158.00
179.00
172.00
196.00
201.00
193.00
184.00
194.00
204.00
235.00
253.00
263.00
196.00
62.00
-43.00
-118.00
-151.00
-158.00
-135.00
-83.00
999999
123.00
123.00
123.00
226.00
392.00
437.00
367.00
171.00
45.00
-66.00
-119.00
-125.00
-115.00
-121.00
-99.00
-115.00
-102.00
-93.00
-102.00
-97.00
-106.00
-103.00
-97.00
-95.00
-90.00
-95.00
-85.00
-52.00
-3.00
88.00
134.00
191.00
246.00
263.00
243.00
236.00
200.00
166.00
139.00
125.00
134.00
188.00
246.00
368.00
348.00
227.00
75.00
-94.00
-192.00
-232.00
-219.00
-152.00
-88.00
999999
144.00
175.00
175.00
227.00
336.00
367.00
320.00
220.00
56.00
-45.00
-109.00
-131.00
-155.00
-137.00
-135.00
-115.00
-103.00
-98.00
-97.00
-111.00
-123.00
-128.00
-129.00
-114.00
-73.00
-14.00
58.00
147.00
226.00
280.00
314.00
305.00
309.00
316.00
328.00
341.00
318.00
243.00
133.00
1.00
-73.00
-149.00
-173.00
-161.00
-111.00
999999
67.00
67.00
67.00
118.00
196.00
312.00
373.00
307.00
237.00
82.00
26.00
-42.00
-63.00
-72.00
-82.00
-75.00
-64.00
-69.00
-59.00
-46.00
-35.00
-33.00
-50.00
-64.00
-62.00
-64.00
-74.00
-86.00
-36.00
-24.00
76.00
160.00
216.00
277.00
281.00
258.00
253.00
230.00
219.00
236.00
255.00
271.00
296.00
256.00
208.00
135.00
-12.00
-101.00
-150.00
-168.00
-144.00
-96.00
-53.00
999999
164.00
134.00
134.00
171.00
200.00
250.00
360.00
425.00
395.00
322.00
246.00
172.00
100.00
60.00
15.00
1.00
6.00
19.00
16.00
43.00
51.00
35.00
30.00
24.00
1.00
-5.00
4.00
-15.00
34.00
61.00
65.00
131.00
168.00
182.00
275.00
274.00
359.00
332.00
333.00
317.00
321.00
348.00
380.00
321.00
271.00
182.00
74.00
16.00
-19.00
-40.00
-31.00
-8.00
7.00
50.00
999999
292.00
292.00
292.00
353.00
461.00
464.00
375.00
214.00
103.00
29.00
-14.00
-44.00
-44.00
-8.00
21.00
26.00
24.00
35.00
14.00
-1.00
-24.00
-44.00
-43.00
-36.00
-26.00
20.00
96.00
143.00
224.00
272.00
315.00
316.00
286.00
263.00
276.00
313.00
327.00
370.00
321.00
215.00
69.00
-65.00
-130.00
-147.00
-114.00
-56.00
4.00
999999
252.00
252.00
263.00
287.00
346.00
348.00
275.00
206.00
125.00
67.00
19.00
-6.00
-16.00
-10.00
-13.00
5.00
14.00
16.00
8.00
7.00
-13.00
-14.00
-29.00
-38.00
-45.00
-15.00
9.00
41.00
99.00
234.00
299.00
349.00
373.00
327.00
310.00
272.00
265.00
288.00
320.00
269.00
198.00
73.00
-17.00
-97.00
-110.00
-107.00
-55.00
-5.00
999999
98.00
98.00
92.00
148.00
184.00
293.00
384.00
367.00
216.00
117.00
30.00
-18.00
-51.00
-68.00
-62.00
-68.00
-43.00
-39.00
-40.00
-28.00
-27.00
-37.00
-51.00
-67.00
-75.00
-68.00
-65.00
-27.00
12.00
97.00
185.00
249.00
285.00
302.00
258.00
233.00
210.00
203.00
202.00
240.00
278.00
281.00
239.00
128.00
19.00
-56.00
-103.00
-109.00
-82.00
-34.00
1.00
999999
146.00
151.00
151.00
234.00
400.00
473.00
390.00
292.00
131.00
6.00
-38.00
-39.00
-24.00
-33.00
-20.00
0.00
-4.00
3.00
4.00
1.00
-6.00
-35.00
-56.00
-69.00
-58.00
-41.00
5.00
47.00
100.00
181.00
268.00
313.00
306.00
267.00
232.00
197.00
177.00
178.00
179.00
212.00
249.00
311.00
338.00
294.00
176.00
1.00
-71.00
-122.00
-153.00
-119.00
-76.00
-8.00
999999
193.00
222.00
222.00
311.00
420.00
382.00
251.00
121.00
47.00
-32.00
-49.00
-50.00
-51.00
-40.00
-37.00
-27.00
-27.00
-13.00
-18.00
-28.00
-34.00
-54.00
-57.00
-65.00
-53.00
-31.00
13.00
65.00
124.00
184.00
242.00
269.00
263.00
257.00
238.00
229.00
243.00
236.00
235.00
232.00
198.00
168.00
120.00
5.00
-45.00
-85.00
-114.00
-99.00
-62.00
-31.00
25.00
999999
168.00
168.00
168.00
315.00
445.00
456.00
333.00
225.00
97.00
41.00
-25.00
-65.00
-77.00
-91.00
-76.00
-80.00
-77.00
-60.00
-55.00
-65.00
-67.00
-86.00
-74.00
-54.00
-19.00
41.00
119.00
187.00
253.00
264.00
288.00
259.00
244.00
215.00
205.00
196.00
212.00
219.00
285.00
306.00
276.00
187.00
70.00
-40.00
-115.00
-141.00
-126.00
-80.00
999999
150.00
150.00
150.00
220.00
336.00
396.00
376.00
321.00
211.00
114.00
27.00
-27.00
-38.00
-54.00
-44.00
-29.00
-29.00
-10.00
-20.00
-20.00
-32.00
-47.00
-52.00
-68.00
-65.00
-38.00
2.00
60.00
161.00
251.00
305.00
325.00
304.00
276.00
255.00
257.00
275.00
326.00
326.00
279.00
111.00
-14.00
-89.00
-123.00
-122.00
-90.00
999999
131.00
188.00
188.00
169.00
216.00
301.00
371.00
323.00
210.00
133.00
42.00
-30.00
-59.00
-97.00
-86.00
-82.00
-65.00
-64.00
-45.00
-47.00
-44.00
-67.00
-76.00
-79.00
-83.00
-57.00
-21.00
24.00
77.00
153.00
241.00
293.00
299.00
281.00
247.00
229.00
217.00
221.00
238.00
263.00
255.00
232.00
132.00
24.00
-76.00
-107.00
-113.00
-105.00
-49.00
-3.00
999999
257.00
257.00
257.00
197.00
152.00
85.00
48.00
-12.00
-58.00
-65.00
-63.00
-50.00
-24.00
10.00
20.00
52.00
33.00
0.00
-26.00
-66.00
-64.00
-64.00
-29.00
-17.00
0.00
34.00
86.00
126.00
194.00
239.00
259.00
271.00
254.00
234.00
223.00
230.00
249.00
277.00
221.00
125.00
31.00
-56.00
-91.00
-83.00
-70.00
-32.00
13.00
999999
113.00
113.00
113.00
140.00
204.00
315.00
360.00
329.00
233.00
150.00
60.00
-33.00
-70.00
-87.00
-72.00
-76.00
-63.00
-57.00
-47.00
-44.00
-63.00
-79.00
-81.00
-91.00
-68.00
-41.00
-1.00
80.00
171.00
263.00
280.00
279.00
276.00
239.00
205.00
224.00
236.00
267.00
293.00
255.00
175.00
50.00
-61.00
-111.00
-117.00
-104.00
-64.00
999999
127.00
127.00
127.00
134.00
218.00
307.00
376.00
395.00
272.00
188.00
114.00
48.00
-12.00
-50.00
-53.00
-57.00
-47.00
-48.00
-47.00
-65.00
-64.00
-70.00
-60.00
-68.00
-50.00
-8.00
46.00
129.00
230.00
324.00
325.00
321.00
287.00
262.00
239.00
215.00
251.00
280.00
342.00
325.00
170.00
11.00
-51.00
-96.00
-87.00
-84.00
-26.00
33.00
999999
107.00
167.00
167.00
163.00
254.00
355.00
391.00
294.00
189.00
107.00
15.00
-18.00
-50.00
-65.00
-62.00
-64.00
-51.00
-44.00
-37.00
-36.00
-59.00
-65.00
-79.00
-92.00
-61.00
-24.00
42.00
93.00
203.00
281.00
293.00
295.00
259.00
223.00
194.00
185.00
215.00
270.00
354.00
354.00
225.00
90.00
-48.00
-97.00
-104.00
-81.00
-53.00
-25.00
999999
37.00
32.00
32.00
45.00
115.00
211.00
334.00
381.00
326.00
245.00
120.00
33.00
-19.00
-91.00
-94.00
-81.00
-74.00
-67.00
-63.00
-60.00
-67.00
-83.00
-90.00
-68.00
-61.00
-18.00
46.00
129.00
220.00
254.00
282.00
280.00
247.00
243.00
233.00
250.00
274.00
313.00
283.00
216.00
89.00
-28.00
-127.00
-139.00
-127.00
-78.00
-31.00
999999
-62.00
-62.00
-62.00
-108.00
-126.00
-123.00
-85.00
-67.00
-60.00
-39.00
-33.00
-29.00
-2.00
17.00
31.00
24.00
4.00
-19.00
-60.00
-98.00
-101.00
-55.00
-35.00
73.00
186.00
255.00
263.00
275.00
226.00
190.00
175.00
168.00
175.00
176.00
189.00
192.00
240.00
255.00
237.00
159.00
68.00
-38.00
-89.00
-112.00
-106.00
-77.00
-30.00
12.00
51.00
999999
172.00
172.00
160.00
225.00
318.00
392.00
382.00
361.00
233.00
154.00
86.00
50.00
13.00
-4.00
-15.00
-6.00
10.00
-15.00
2.00
17.00
9.00
12.00
26.00
30.00
29.00
85.00
78.00
106.00
175.00
225.00
313.00
356.00
346.00
321.00
326.00
309.00
326.00
318.00
346.00
364.00
298.00
215.00
92.00
-1.00
-45.00
7.00
33.00
999999
187.00
187.00
176.00
267.00
403.00
409.00
405.00
287.00
156.00
52.00
-20.00
-67.00
-108.00
-100.00
-124.00
-120.00
-82.00
-79.00
-93.00
-71.00
-68.00
-78.00
-69.00
-64.00
-13.00
38.00
127.00
192.00
287.00
267.00
298.00
358.00
379.00
369.00
341.00
289.00
232.00
176.00
109.00
-8.00
-81.00
-122.00
-116.00
-64.00
-12.00
999999
119.00
119.00
119.00
185.00
296.00
282.00
308.00
252.00
246.00
37.00
-21.00
-99.00
-131.00
-159.00
-150.00
-138.00
-105.00
-107.00
-91.00
-108.00
-77.00
-96.00
-98.00
-73.00
-65.00
-12.00
10.00
90.00
139.00
206.00
214.00
236.00
234.00
199.00
192.00
227.00
225.00
233.00
267.00
279.00
199.00
118.00
18.00
-72.00
-88.00
-95.00
-92.00
-54.00
-1.00
27.00
999999
263.00
263.00
263.00
207.00
252.00
324.00
357.00
344.00
160.00
-71.00
-124.00
-190.00
-234.00
-202.00
-206.00
-180.00
-140.00
-135.00
-100.00
-136.00
-163.00
-171.00
-167.00
-143.00
-14.00
71.00
184.00
191.00
211.00
196.00
189.00
219.00
270.00
256.00
257.00
262.00
205.00
163.00
91.00
-12.00
-83.00
-147.00
-157.00
-118.00
-94.00
-44.00
999999
351.00
351.00
351.00
428.00
380.00
254.00
217.00
163.00
124.00
123.00
118.00
114.00
159.00
148.00
109.00
109.00
92.00
77.00
77.00
96.00
70.00
129.00
138.00
204.00
240.00
288.00
320.00
364.00
371.00
367.00
362.00
379.00
375.00
386.00
371.00
289.00
221.00
150.00
95.00
109.00
124.00
165.00
999999
223.00
223.00
198.00
259.00
342.00
348.00
323.00
278.00
216.00
186.00
210.00
198.00
194.00
190.00
178.00
176.00
158.00
125.00
128.00
133.00
131.00
137.00
114.00
169.00
215.00
252.00
330.00
355.00
369.00
344.00
340.00
336.00
355.00
344.00
357.00
294.00
268.00
234.00
196.00
183.00
174.00
188.00
999999
191.00
275.00
275.00
223.00
286.00
322.00
340.00
319.00
295.00
235.00
237.00
232.00
207.00
193.00
208.00
207.00
196.00
165.00
157.00
129.00
151.00
145.00
142.00
149.00
188.00
209.00
255.00
284.00
339.00
368.00
356.00
352.00
343.00
356.00
353.00
344.00
333.00
264.00
233.00
209.00
215.00
206.00
197.00
210.00
196.00
999999
213.00
213.00
213.00
287.00
340.00
393.00
396.00
342.00
210.00
97.00
-32.00
-66.00
-119.00
-145.00
-93.00
-92.00
-90.00
-59.00
-63.00
-81.00
-79.00
-117.00
-124.00
-82.00
-42.00
4.00
111.00
227.00
315.00
363.00
322.00
350.00
339.00
349.00
357.00
335.00
306.00
236.00
110.00
12.00
-31.00
-54.00
-28.00
-3.00
33.00
999999
15.00
15.00
15.00
-56.00
-140.00
-192.00
-166.00
-43.00
82.00
155.00
209.00
256.00
283.00
260.00
214.00
189.00
164.00
176.00
200.00
232.00
239.00
195.00
195.00
181.00
138.00
79.00
23.00
-1.00
-25.00
-20.00
-15.00
-94.00
-100.00
-126.00
-147.00
-38.00
94.00
157.00
238.00
279.00
248.00
241.00
215.00
195.00
174.00
999999
146.00
123.00
123.00
210.00
320.00
433.00
401.00
179.00
87.00
-88.00
-139.00
-175.00
-187.00
-153.00
-151.00
-112.00
-114.00
-93.00
-115.00
-96.00
-96.00
-108.00
-59.00
-27.00
58.00
154.00
267.00
303.00
303.00
302.00
274.00
287.00
295.00
285.00
342.00
366.00
225.00
96.00
-28.00
-102.00
-116.00
-83.00
-47.00
2.00
999999
187.00
187.00
194.00
251.00
375.00
447.00
386.00
268.00
134.00
-4.00
-105.00
-152.00
-191.00
-180.00
-170.00
-150.00
-128.00
-144.00
-126.00
-125.00
-133.00
-102.00
-83.00
-21.00
78.00
187.00
258.00
284.00
278.00
330.00
320.00
321.00
349.00
279.00
203.00
129.00
-5.00
-135.00
-133.00
-113.00
-55.00
7.00
999999
254.00
243.00
243.00
254.00
275.00
284.00
214.00
181.00
88.00
-15.00
-57.00
-94.00
-122.00
-110.00
-101.00
-85.00
-87.00
-93.00
-89.00
-102.00
-93.00
-73.00
-63.00
-30.00
27.00
59.00
118.00
172.00
222.00
236.00
261.00
261.00
286.00
309.00
306.00
268.00
264.00
205.00
132.00
47.00
-5.00
-65.00
-74.00
-41.00
-31.00
999999
196.00
196.00
186.00
233.00
354.00
327.00
352.00
302.00
115.00
78.00
35.00
-109.00
-114.00
-152.00
-128.00
-119.00
-85.00
-65.00
-91.00
-63.00
-99.00
-98.00
-107.00
-81.00
-53.00
-13.00
44.00
123.00
176.00
237.00
270.00
286.00
294.00
334.00
364.00
308.00
200.00
146.00
40.00
-57.00
-71.00
-70.00
-85.00
-15.00
999999
203.00
203.00
226.00
244.00
242.00
229.00
267.00
372.00
314.00
244.00
236.00
233.00
204.00
204.00
177.00
171.00
158.00
152.00
160.00
138.00
154.00
173.00
183.00
197.00
262.00
272.00
328.00
368.00
345.00
347.00
326.00
316.00
309.00
309.00
276.00
264.00
247.00
240.00
227.00
225.00
227.00
215.00
235.00
999999
241.00
241.00
241.00
223.00
264.00
305.00
289.00
282.00
212.00
213.00
205.00
198.00
205.00
191.00
204.00
188.00
164.00
149.00
153.00
159.00
157.00
192.00
197.00
221.00
263.00
306.00
315.00
310.00
319.00
305.00
317.00
310.00
274.00
258.00
245.00
223.00
256.00
252.00
256.00
278.00
999999
24.00
24.00
24.00
-74.00
-172.00
-250.00
-273.00
-148.00
-6.00
120.00
189.00
218.00
220.00
191.00
209.00
160.00
164.00
199.00
184.00
184.00
190.00
153.00
113.00
78.00
-2.00
-26.00
-51.00
-62.00
-119.00
-115.00
-149.00
-221.00
-173.00
-75.00
14.00
147.00
252.00
256.00
258.00
240.00
175.00
139.00
112.00
999999
81.00
81.00
48.00
126.00
209.00
347.00
420.00
449.00
339.00
226.00
26.00
-25.00
-53.00
-85.00
-83.00
-84.00
-46.00
-47.00
-48.00
-49.00
-65.00
-63.00
-61.00
-64.00
56.00
113.00
189.00
279.00
285.00
244.00
275.00
298.00
333.00
386.00
405.00
374.00
298.00
212.00
94.00
9.00
-40.00
-22.00
-14.00
18.00
55.00
999999
198.00
198.00
198.00
226.00
304.00
365.00
356.00
268.00
173.00
49.00
17.00
-76.00
-106.00
-100.00
-120.00
-96.00
-99.00
-102.00
-104.00
-114.00
-99.00
-96.00
-55.00
-25.00
0.00
85.00
149.00
198.00
289.00
259.00
273.00
275.00
310.00
332.00
332.00
280.00
161.00
91.00
2.00
-74.00
-77.00
-81.00
-71.00
-21.00
18.00
44.00
999999
72.00
72.00
51.00
92.00
201.00
377.00
409.00
248.00
116.00
-84.00
-127.00
-141.00
-201.00
-186.00
-136.00
-145.00
-125.00
-127.00
-139.00
-178.00
-134.00
-105.00
-100.00
22.00
113.00
215.00
270.00
245.00
241.00
255.00
284.00
277.00
313.00
261.00
169.00
29.00
-57.00
-114.00
-151.00
-104.00
-58.00
30.00
999999
197.00
197.00
178.00
182.00
320.00
410.00
389.00
344.00
274.00
199.00
190.00
176.00
176.00
160.00
131.00
140.00
156.00
114.00
127.00
147.00
179.00
225.00
257.00
294.00
333.00
368.00
345.00
319.00
324.00
311.00
317.00
327.00
297.00
258.00
243.00
212.00
225.00
240.00
237.00
242.00
999999
141.00
237.00
237.00
258.00
329.00
349.00
371.00
266.00
120.00
9.00
-14.00
-101.00
-102.00
-85.00
-108.00
-96.00
-80.00
-90.00
-113.00
-97.00
-103.00
-96.00
-32.00
-28.00
69.00
151.00
229.00
250.00
267.00
268.00
313.00
353.00
332.00
320.00
288.00
184.00
103.00
38.00
-32.00
-83.00
-66.00
-32.00
999999
366.00
366.00
366.00
351.00
269.00
72.00
39.00
-81.00
-98.00
-127.00
-123.00
-122.00
-100.00
-74.00
-25.00
-53.00
-66.00
-59.00
-89.00
-112.00
-65.00
-87.00
-32.00
31.00
79.00
169.00
233.00
226.00
210.00
232.00
231.00
263.00
304.00
308.00
318.00
208.00
115.00
40.00
-25.00
-63.00
-78.00
-66.00
-20.00
999999
217.00
213.00
213.00
226.00
295.00
344.00
329.00
320.00
280.00
223.00
238.00
216.00
189.00
210.00
203.00
153.00
132.00
116.00
152.00
153.00
152.00
191.00
203.00
172.00
251.00
293.00
332.00
391.00
364.00
322.00
343.00
299.00
302.00
305.00
251.00
281.00
270.00
237.00
204.00
233.00
999999
189.00
189.00
175.00
199.00
284.00
334.00
319.00
276.00
218.00
95.00
6.00
-69.00
-128.00
-148.00
-175.00
-149.00
-86.00
-131.00
-123.00
-88.00
-134.00
-116.00
-96.00
-63.00
-2.00
94.00
210.00
278.00
281.00
288.00
297.00
325.00
336.00
344.00
324.00
195.00
78.00
-19.00
-88.00
-99.00
-92.00
-77.00
-19.00
51.00
999999
212.00
212.00
212.00
243.00
322.00
387.00
362.00
310.00
225.00
239.00
187.00
202.00
204.00
164.00
150.00
182.00
151.00
165.00
180.00
155.00
194.00
199.00
189.00
255.00
271.00
291.00
315.00
322.00
316.00
337.00
349.00
327.00
286.00
279.00
252.00
238.00
206.00
187.00
196.00
999999
93.00
90.00
90.00
131.00
171.00
345.00
456.00
441.00
322.00
174.00
91.00
-8.00
-51.00
-92.00
-60.00
-101.00
-96.00
-51.00
-73.00
-64.00
-81.00
-70.00
-96.00
-73.00
-47.00
18.00
62.00
173.00
276.00
320.00
343.00
354.00
358.00
375.00
370.00
344.00
276.00
161.00
50.00
-12.00
-54.00
-53.00
4.00
27.00
999999
205.00
205.00
205.00
227.00
129.00
250.00
260.00
258.00
242.00
246.00
277.00
280.00
243.00
242.00
177.00
176.00
183.00
148.00
141.00
166.00
152.00
181.00
193.00
208.00
245.00
291.00
310.00
342.00
309.00
294.00
305.00
294.00
278.00
295.00
248.00
231.00
230.00
223.00
241.00
235.00
234.00
243.00
999999
149.00
149.00
149.00
194.00
323.00
344.00
360.00
295.00
214.00
264.00
257.00
238.00
222.00
196.00
188.00
195.00
191.00
175.00
195.00
191.00
180.00
178.00
141.00
153.00
197.00
232.00
254.00
302.00
293.00
291.00
315.00
308.00
282.00
286.00
270.00
278.00
283.00
302.00
294.00
291.00
257.00
252.00
238.00
236.00
205.00
256.00
252.00
999999
116.00
95.00
95.00
145.00
194.00
266.00
355.00
351.00
260.00
195.00
140.00
1.00
-30.00
-31.00
-108.00
-80.00
-76.00
-80.00
-50.00
-46.00
-93.00
-60.00
-66.00
-69.00
-38.00
-17.00
45.00
147.00
220.00
278.00
298.00
290.00
275.00
287.00
333.00
368.00
420.00
375.00
228.00
112.00
-7.00
-90.00
-95.00
-75.00
-50.00
999999
171.00
219.00
219.00
185.00
205.00
258.00
364.00
414.00
322.00
239.00
252.00
218.00
205.00
214.00
232.00
191.00
168.00
176.00
142.00
164.00
130.00
152.00
154.00
139.00
176.00
207.00
254.00
332.00
364.00
364.00
349.00
359.00
328.00
310.00
332.00
299.00
257.00
242.00
243.00
245.00
237.00
236.00
235.00
999999
356.00
356.00
356.00
365.00
312.00
227.00
238.00
259.00
234.00
189.00
167.00
204.00
165.00
175.00
196.00
159.00
182.00
148.00
169.00
157.00
145.00
186.00
200.00
251.00
269.00
311.00
319.00
349.00
313.00
285.00
267.00
275.00
273.00
311.00
275.00
295.00
262.00
276.00
276.00
211.00
220.00
253.00
253.00
999999
178.00
178.00
173.00
195.00
251.00
325.00
399.00
306.00
257.00
232.00
256.00
213.00
204.00
208.00
192.00
173.00
194.00
181.00
159.00
174.00
183.00
177.00
194.00
214.00
245.00
253.00
258.00
287.00
296.00
291.00
277.00
268.00
275.00
302.00
299.00
243.00
256.00
244.00
251.00
246.00
251.00
240.00
256.00
263.00
999999
-240.00
-240.00
-240.00
-126.00
36.00
150.00
253.00
287.00
289.00
236.00
192.00
192.00
138.00
96.00
107.00
123.00
135.00
146.00
195.00
228.00
215.00
203.00
168.00
110.00
55.00
-5.00
-56.00
-66.00
-89.00
-96.00
-89.00
-54.00
-72.00
-86.00
-112.00
-156.00
-229.00
-122.00
71.00
178.00
262.00
315.00
303.00
263.00
198.00
999999
145.00
145.00
145.00
200.00
316.00
367.00
422.00
340.00
195.00
68.00
-18.00
-91.00
-89.00
-79.00
-84.00
-71.00
-53.00
-66.00
-85.00
-94.00
-80.00
-78.00
-68.00
-60.00
-41.00
23.00
91.00
170.00
269.00
303.00
325.00
337.00
345.00
342.00
372.00
329.00
279.00
190.00
103.00
17.00
-37.00
-46.00
-65.00
-18.00
46.00
71.00
999999
220.00
220.00
220.00
259.00
276.00
362.00
316.00
281.00
249.00
247.00
277.00
287.00
269.00
233.00
219.00
189.00
169.00
191.00
174.00
182.00
185.00
175.00
179.00
190.00
246.00
288.00
288.00
308.00
320.00
321.00
293.00
276.00
263.00
246.00
277.00
265.00
246.00
257.00
278.00
280.00
280.00
255.00
245.00
999999
132.00
132.00
132.00
188.00
277.00
401.00
390.00
376.00
285.00
162.00
67.00
-27.00
-55.00
-75.00
-71.00
-78.00
-42.00
-64.00
-87.00
-84.00
-84.00
-75.00
-67.00
-35.00
-15.00
54.00
115.00
193.00
278.00
320.00
301.00
311.00
323.00
365.00
394.00
354.00
288.00
140.00
17.00
-68.00
-66.00
-86.00
-64.00
0.00
28.00
999999
136.00
136.00
140.00
219.00
314.00
389.00
357.00
293.00
166.00
70.00
-6.00
-30.00
-84.00
-65.00
-73.00
-104.00
-68.00
-67.00
-108.00
-76.00
-55.00
-97.00
-65.00
-34.00
-21.00
51.00
157.00
262.00
331.00
324.00
312.00
343.00
338.00
376.00
396.00
347.00
192.00
50.00
-46.00
-88.00
-79.00
-64.00
-39.00
999999
189.00
189.00
189.00
271.00
362.00
391.00
388.00
287.00
276.00
247.00
204.00
214.00
216.00
183.00
176.00
164.00
140.00
141.00
121.00
125.00
135.00
141.00
184.00
198.00
260.00
343.00
383.00
360.00
347.00
365.00
355.00
370.00
365.00
324.00
293.00
245.00
247.00
231.00
207.00
174.00
210.00
999999
205.00
205.00
195.00
267.00
352.00
405.00
421.00
264.00
212.00
204.00
224.00
209.00
202.00
144.00
170.00
179.00
115.00
127.00
132.00
122.00
115.00
115.00
144.00
178.00
250.00
325.00
379.00
368.00
346.00
346.00
324.00
345.00
321.00
338.00
342.00
226.00
236.00
286.00
253.00
174.00
157.00
228.00
999999
157.00
157.00
157.00
253.00
302.00
408.00
397.00
283.00
130.00
-59.00
-88.00
-102.00
-115.00
-139.00
-160.00
-134.00
-134.00
-119.00
-130.00
-141.00
-135.00
-70.00
-45.00
44.00
158.00
266.00
283.00
305.00
283.00
309.00
322.00
379.00
397.00
360.00
272.00
168.00
45.00
-37.00
-87.00
-75.00
-27.00
6.00
999999
188.00
139.00
139.00
228.00
226.00
255.00
306.00
344.00
269.00
248.00
218.00
243.00
236.00
236.00
244.00
195.00
190.00
185.00
180.00
184.00
184.00
172.00
156.00
165.00
148.00
171.00
216.00
303.00
371.00
360.00
342.00
302.00
297.00
272.00
296.00
322.00
314.00
281.00
256.00
241.00
228.00
249.00
256.00
246.00
999999
183.00
167.00
167.00
279.00
334.00
432.00
447.00
380.00
223.00
169.00
39.00
-64.00
-48.00
-109.00
-104.00
-69.00
-105.00
-143.00
-79.00
-78.00
-48.00
-13.00
44.00
108.00
200.00
256.00
308.00
310.00
351.00
368.00
389.00
380.00
359.00
277.00
198.00
97.00
12.00
-51.00
-60.00
-59.00
-14.00
42.00
999999
81.00
81.00
81.00
63.00
-10.00
-34.00
-39.00
-7.00
67.00
211.00
277.00
265.00
263.00
241.00
234.00
249.00
246.00
232.00
232.00
244.00
256.00
228.00
206.00
186.00
152.00
124.00
117.00
145.00
133.00
118.00
119.00
129.00
108.00
96.00
73.00
82.00
78.00
107.00
168.00
223.00
254.00
280.00
286.00
271.00
281.00
252.00
999999
223.00
322.00
322.00
318.00
389.00
439.00
424.00
271.00
144.00
60.00
41.00
4.00
23.00
1.00
5.00
1.00
2.00
5.00
-6.00
-7.00
-15.00
6.00
43.00
87.00
114.00
195.00
293.00
352.00
403.00
376.00
372.00
374.00
366.00
394.00
321.00
207.00
127.00
52.00
7.00
19.00
37.00
94.00
115.00
999999
143.00
143.00
145.00
268.00
401.00
405.00
437.00
375.00
242.00
167.00
36.00
-13.00
-53.00
-70.00
-101.00
-113.00
-79.00
-78.00
-80.00
-69.00
-62.00
-61.00
-55.00
-1.00
33.00
90.00
191.00
286.00
367.00
383.00
366.00
441.00
415.00
416.00
400.00
311.00
248.00
150.00
40.00
-23.00
-18.00
-18.00
25.00
999999
208.00
208.00
208.00
212.00
262.00
337.00
315.00
283.00
227.00
219.00
223.00
200.00
203.00
192.00
186.00
168.00
151.00
131.00
136.00
146.00
163.00
191.00
225.00
258.00
327.00
341.00
356.00
364.00
371.00
363.00
310.00
265.00
251.00
255.00
254.00
233.00
216.00
183.00
999999
389.00
389.00
389.00
308.00
186.00
57.00
-58.00
-66.00
-122.00
-166.00
-128.00
-80.00
-53.00
-41.00
-20.00
16.00
1.00
-44.00
-38.00
-90.00
-105.00
-112.00
-45.00
7.00
90.00
176.00
243.00
269.00
253.00
251.00
215.00
232.00
260.00
298.00
333.00
333.00
195.00
71.00
-5.00
-80.00
-119.00
-79.00
-42.00
5.00
999999
212.00
212.00
212.00
221.00
285.00
299.00
307.00
222.00
121.00
0.00
-37.00
-74.00
-123.00
-119.00
-74.00
-96.00
-113.00
-112.00
-108.00
-114.00
-112.00
-80.00
-67.00
-19.00
47.00
136.00
243.00
303.00
292.00
334.00
361.00
400.00
360.00
312.00
217.00
112.00
27.00
-54.00
-74.00
-71.00
-46.00
5.00
999999
175.00
152.00
152.00
193.00
312.00
418.00
476.00
393.00
259.00
76.00
-19.00
-102.00
-158.00
-168.00
-167.00
-201.00
-160.00
-162.00
-156.00
-136.00
-132.00
-67.00
-2.00
58.00
161.00
238.00
261.00
269.00
255.00
305.00
357.00
374.00
400.00
309.00
135.00
35.00
-62.00
-96.00
-96.00
-32.00
999999
234.00
234.00
234.00
235.00
261.00
282.00
325.00
281.00
307.00
232.00
236.00
272.00
220.00
236.00
257.00
206.00
193.00
175.00
164.00
175.00
140.00
153.00
164.00
139.00
199.00
228.00
257.00
323.00
344.00
348.00
331.00
320.00
289.00
257.00
246.00
251.00
271.00
287.00
306.00
356.00
325.00
256.00
218.00
238.00
232.00
217.00
233.00
999999
258.00
258.00
285.00
343.00
355.00
350.00
347.00
288.00
233.00
164.00
147.00
152.00
149.00
130.00
156.00
122.00
106.00
131.00
110.00
121.00
112.00
115.00
138.00
168.00
235.00
289.00
331.00
363.00
377.00
362.00
318.00
343.00
345.00
364.00
376.00
361.00
323.00
265.00
166.00
122.00
123.00
191.00
193.00
999999
165.00
165.00
178.00
238.00
325.00
354.00
362.00
280.00
150.00
-46.00
-47.00
-93.00
-153.00
-152.00
-146.00
-156.00
-134.00
-129.00
-134.00
-125.00
-105.00
-106.00
-92.00
-17.00
-4.00
94.00
192.00
243.00
284.00
286.00
267.00
269.00
257.00
276.00
332.00
331.00
381.00
333.00
227.00
103.00
-14.00
-89.00
-97.00
-72.00
-25.00
25.00
999999
185.00
184.00
184.00
246.00
384.00
388.00
318.00
207.00
114.00
-30.00
-35.00
-134.00
-108.00
-71.00
-126.00
-132.00
-122.00
-99.00
-121.00
-108.00
-90.00
-80.00
-39.00
-6.00
68.00
158.00
254.00
283.00
280.00
287.00
299.00
295.00
311.00
332.00
328.00
324.00
253.00
158.00
39.00
-35.00
-60.00
-64.00
-42.00
16.00
52.00
999999
168.00
168.00
168.00
215.00
313.00
381.00
386.00
379.00
279.00
184.00
78.00
-15.00
-13.00
3.00
-32.00
-18.00
12.00
23.00
27.00
19.00
2.00
4.00
2.00
2.00
17.00
50.00
112.00
175.00
263.00
332.00
340.00
342.00
315.00
278.00
294.00
295.00
306.00
331.00
320.00
255.00
172.00
101.00
47.00
19.00
45.00
55.00
999999
67.00
67.00
67.00
109.00
296.00
282.00
326.00
376.00
300.00
231.00
107.00
21.00
-53.00
-103.00
-91.00
-98.00
-97.00
-47.00
-26.00
-12.00
-30.00
-27.00
-47.00
-70.00
-78.00
-73.00
-52.00
-57.00
8.00
42.00
98.00
184.00
243.00
267.00
293.00
304.00
293.00
267.00
304.00
286.00
286.00
312.00
281.00
246.00
173.00
68.00
-29.00
-86.00
-74.00
-53.00
-28.00
14.00
90.00
999999
185.00
138.00
138.00
201.00
274.00
284.00
311.00
251.00
273.00
272.00
259.00
286.00
261.00
230.00
231.00
184.00
178.00
192.00
183.00
165.00
164.00
154.00
178.00
187.00
236.00
260.00
298.00
322.00
353.00
343.00
312.00
312.00
274.00
282.00
269.00
283.00
299.00
289.00
287.00
245.00
247.00
266.00
247.00
228.00
257.00
999999
259.00
259.00
259.00
307.00
349.00
246.00
287.00
256.00
242.00
205.00
203.00
137.00
126.00
127.00
116.00
127.00
131.00
152.00
158.00
168.00
185.00
182.00
205.00
244.00
263.00
276.00
301.00
315.00
338.00
319.00
322.00
296.00
268.00
273.00
291.00
316.00
323.00
265.00
241.00
212.00
208.00
201.00
203.00
224.00
224.00
999999
-19.00
8.00
8.00
23.00
141.00
162.00
210.00
207.00
205.00
154.00
89.00
21.00
-54.00
-154.00
-170.00
-166.00
-158.00
-139.00
-128.00
-114.00
-126.00
-114.00
-108.00
-111.00
-120.00
-89.00
-63.00
-41.00
-3.00
42.00
112.00
172.00
228.00
251.00
278.00
255.00
223.00
224.00
248.00
252.00
214.00
131.00
8.00
-91.00
-139.00
-178.00
-181.00
-137.00
-92.00
-40.00
-73.00
999999
-20.00
-33.00
-33.00
-34.00
22.00
87.00
123.00
181.00
174.00
138.00
82.00
10.00
-64.00
-123.00
-158.00
-175.00
-163.00
-144.00
-118.00
-120.00
-116.00
-101.00
-87.00
-74.00
-73.00
-35.00
-5.00
19.00
63.00
130.00
202.00
262.00
296.00
324.00
329.00
266.00
233.00
209.00
98.00
-14.00
-117.00
-154.00
-184.00
-167.00
999999
-1.00
-34.00
-34.00
-12.00
35.00
64.00
102.00
230.00
288.00
260.00
158.00
28.00
-70.00
-154.00
-194.00
-182.00
-174.00
-149.00
-151.00
-142.00
-131.00
-132.00
-139.00
-152.00
-158.00
-117.00
-74.00
-25.00
30.00
65.00
94.00
122.00
141.00
136.00
132.00
123.00
102.00
112.00
122.00
161.00
253.00
336.00
260.00
73.00
-124.00
-268.00
-295.00
-236.00
-163.00
-63.00
4.00
999999
333.00
333.00
333.00
320.00
195.00
-16.00
-133.00
-186.00
-202.00
-183.00
-146.00
-111.00
-97.00
-80.00
-67.00
-89.00
-115.00
-129.00
-125.00
-98.00
-78.00
-71.00
-36.00
21.00
74.00
121.00
179.00
163.00
163.00
116.00
84.00
80.00
70.00
93.00
116.00
168.00
205.00
170.00
59.00
-60.00
-125.00
-147.00
-141.00
-103.00
-56.00
999999
-30.00
-30.00
-41.00
-1.00
35.00
102.00
198.00
287.00
319.00
229.00
27.00
-69.00
-185.00
-217.00
-210.00
-188.00
-164.00
-126.00
-110.00
-89.00
-78.00
-71.00
-82.00
-92.00
-87.00
-94.00
-88.00
-81.00
-69.00
-23.00
33.00
107.00
160.00
189.00
191.00
168.00
105.00
85.00
90.00
130.00
170.00
240.00
280.00
168.00
3.00
-135.00
-195.00
-197.00
-168.00
-100.00
-39.00
-11.00
999999
-37.00
-63.00
-63.00
-52.00
21.00
102.00
205.00
389.00
379.00
220.00
19.00
-165.00
-269.00
-281.00
-225.00
-166.00
-119.00
-109.00
-116.00
-119.00
-102.00
-124.00
-129.00
-135.00
-127.00
-116.00
-79.00
88.00
109.00
169.00
195.00
216.00
154.00
105.00
112.00
119.00
224.00
423.00
367.00
33.00
-165.00
-250.00
-248.00
-210.00
-155.00
-97.00
-34.00
3.00
999999
-1.00
-26.00
-26.00
6.00
45.00
129.00
216.00
327.00
356.00
215.00
35.00
-89.00
-177.00
-206.00
-178.00
-147.00
-113.00
-100.00
-102.00
-113.00
-113.00
-105.00
-97.00
-128.00
-127.00
-97.00
-13.00
101.00
146.00
160.00
218.00
187.00
111.00
143.00
179.00
208.00
252.00
283.00
217.00
26.00
-143.00
-242.00
-231.00
999999
35.00
35.00
35.00
70.00
162.00
351.00
336.00
203.00
45.00
-102.00
-167.00
-191.00
-171.00
-118.00
-83.00
-82.00
-78.00
-64.00
-81.00
-85.00
-81.00
-93.00
-94.00
-83.00
-53.00
-29.00
-3.00
38.00
83.00
113.00
137.00
154.00
143.00
127.00
107.00
79.00
94.00
94.00
109.00
151.00
175.00
172.00
130.00
53.00
-38.00
-84.00
-102.00
-124.00
-127.00
-94.00
-53.00
-16.00
999999
-14.00
-14.00
-14.00
22.00
132.00
281.00
413.00
427.00
265.00
12.00
-124.00
-197.00
-208.00
-218.00
-200.00
-141.00
-111.00
-90.00
-81.00
-77.00
-72.00
-94.00
-102.00
-97.00
-100.00
-91.00
-82.00
-52.00
-31.00
-3.00
48.00
82.00
135.00
172.00
161.00
140.00
131.00
88.00
72.00
61.00
84.00
140.00
195.00
226.00
213.00
175.00
82.00
-13.00
-110.00
-137.00
-151.00
-117.00
-85.00
-57.00
-29.00
-14.00
0.00
999999
-64.00
-84.00
-84.00
-73.00
-81.00
-10.00
169.00
266.00
322.00
269.00
132.00
-6.00
-119.00
-161.00
-175.00
-145.00
-116.00
-107.00
-51.00
-36.00
-24.00
-26.00
-51.00
-45.00
-57.00
-54.00
-51.00
-63.00
-61.00
-56.00
-60.00
-46.00
-16.00
18.00
75.00
109.00
150.00
163.00
140.00
142.00
170.00
194.00
225.00
259.00
241.00
80.00
-57.00
-159.00
-168.00
-152.00
-131.00
-92.00
-55.00
999999
7.00
7.00
14.00
22.00
126.00
210.00
269.00
286.00
221.00
123.00
2.00
-106.00
-184.00
-194.00
-179.00
-158.00
-142.00
-97.00
-90.00
-95.00
-84.00
-83.00
-91.00
-81.00
-80.00
-103.00
-115.00
-91.00
-66.00
-25.00
11.00
88.00
164.00
164.00
157.00
158.00
122.00
88.00
64.00
49.00
68.00
94.00
113.00
181.00
209.00
189.00
131.00
19.00
-46.00
-105.00
-155.00
-158.00
-129.00
-75.00
-44.00
-21.00
999999
12.00
-6.00
-6.00
53.00
94.00
163.00
271.00
361.00
277.00
108.00
-100.00
-221.00
-221.00
-213.00
-184.00
-129.00
-97.00
-96.00
-87.00
-81.00
-84.00
-86.00
-84.00
-96.00
-79.00
-91.00
-99.00
-69.00
-27.00
14.00
71.00
148.00
124.00
98.00
111.00
103.00
103.00
124.00
196.00
252.00
283.00
263.00
109.00
-11.00
-98.00
-134.00
-142.00
-136.00
-121.00
-81.00
-59.00
-34.00
999999
-10.00
-10.00
-10.00
8.00
110.00
276.00
367.00
302.00
144.00
0.00
-115.00
-186.00
-201.00
-199.00
-173.00
-127.00
-122.00
-98.00
-85.00
-83.00
-79.00
-91.00
-82.00
-109.00
-121.00
-116.00
-106.00
-70.00
-8.00
53.00
119.00
146.00
146.00
140.00
137.00
101.00
105.00
106.00
115.00
133.00
198.00
228.00
250.00
200.00
111.00
12.00
-69.00
-131.00
-155.00
-144.00
-113.00
-96.00
-66.00
-28.00
999999
52.00
52.00
52.00
-3.00
39.00
95.00
171.00
225.00
249.00
187.00
53.00
-49.00
-123.00
-168.00
-157.00
-152.00
-132.00
-101.00
-90.00
-86.00
-80.00
-85.00
-80.00
-87.00
-97.00
-97.00
-88.00
-67.00
-26.00
6.00
63.00
129.00
159.00
165.00
153.00
178.00
189.00
198.00
256.00
287.00
241.00
120.00
-39.00
-108.00
-139.00
-141.00
-112.00
999999
39.00
39.00
39.00
37.00
184.00
298.00
367.00
283.00
84.00
-73.00
-167.00
-204.00
-229.00
-197.00
-158.00
-136.00
-104.00
-103.00
-86.00
-94.00
-109.00
-126.00
-137.00
-131.00
-121.00
-87.00
-64.00
29.00
69.00
113.00
129.00
174.00
180.00
159.00
168.00
183.00
214.00
222.00
202.00
140.00
10.00
-96.00
-148.00
-175.00
-179.00
-154.00
-119.00
-54.00
-25.00
999999
-60.00
-60.00
-60.00
58.00
166.00
278.00
342.00
287.00
173.00
14.00
-92.00
-167.00
-180.00
-154.00
-140.00
-117.00
-89.00
-85.00
-65.00
-63.00
-62.00
-74.00
-81.00
-90.00
-84.00
-88.00
-91.00
-79.00
-72.00
-29.00
6.00
60.00
114.00
148.00
176.00
166.00
159.00
166.00
190.00
209.00
250.00
256.00
207.00
119.00
23.00
-59.00
-128.00
-159.00
-143.00
-124.00
-76.00
999999
-11.00
-29.00
-29.00
9.00
58.00
105.00
220.00
289.00
281.00
170.00
34.00
-71.00
-165.00
-179.00
-154.00
-138.00
-122.00
-86.00
-66.00
-43.00
-42.00
-52.00
-55.00
-67.00
-73.00
-98.00
-113.00
-116.00
-75.00
-31.00
48.00
100.00
132.00
167.00
187.00
183.00
183.00
192.00
215.00
236.00
256.00
256.00
176.00
-6.00
-76.00
-156.00
-160.00
-139.00
-107.00
-72.00
-23.00
999999
380.00
380.00
380.00
219.00
39.00
-93.00
-179.00
-202.00
-194.00
-159.00
-132.00
-96.00
-79.00
-63.00
-61.00
-62.00
-71.00
-72.00
-92.00
-110.00
-113.00
-101.00
-87.00
-56.00
-39.00
14.00
62.00
101.00
128.00
146.00
148.00
129.00
136.00
132.00
109.00
119.00
128.00
145.00
160.00
186.00
215.00
191.00
114.00
0.00
-95.00
-147.00
-145.00
-131.00
-89.00
999999
-41.00
-64.00
-64.00
-23.00
4.00
61.00
127.00
230.00
266.00
230.00
100.00
-8.00
-81.00
-112.00
-120.00
-127.00
-105.00
-89.00
-75.00
-66.00
-64.00
-61.00
-65.00
-63.00
-81.00
-97.00
-97.00
-108.00
-95.00
-84.00
-47.00
-4.00
56.00
97.00
129.00
154.00
149.00
126.00
120.00
104.00
90.00
100.00
99.00
110.00
154.00
173.00
175.00
127.00
48.00
-12.00
-68.00
-108.00
-113.00
-110.00
-87.00
-63.00
-20.00
0.00
999999
11.00
5.00
5.00
62.00
145.00
255.00
339.00
299.00
195.00
33.00
-82.00
-138.00
-159.00
-143.00
-125.00
-108.00
-84.00
-80.00
-78.00
-65.00
-68.00
-70.00
-77.00
-84.00
-84.00
-98.00
-89.00
-67.00
-32.00
29.00
98.00
160.00
217.00
222.00
205.00
162.00
160.00
159.00
174.00
240.00
275.00
262.00
227.00
97.00
-51.00
-156.00
-167.00
-169.00
-124.00
-90.00
-50.00
-11.00
16.00
999999
148.00
148.00
165.00
215.00
234.00
199.00
118.00
20.00
-24.00
-73.00
-91.00
-124.00
-112.00
-112.00
-74.00
-58.00
-44.00
-37.00
-20.00
-19.00
-34.00
-45.00
-68.00
-77.00
-85.00
-84.00
-85.00
-84.00
-56.00
-20.00
38.00
95.00
155.00
201.00
182.00
192.00
158.00
116.00
155.00
225.00
257.00
302.00
257.00
137.00
18.00
-76.00
-153.00
-147.00
-129.00
-100.00
-66.00
-45.00
-20.00
999999
75.00
75.00
71.00
126.00
224.00
315.00
318.00
208.00
63.00
-61.00
-151.00
-190.00
-162.00
-135.00
-123.00
-102.00
-86.00
-69.00
-57.00
-62.00
-72.00
-72.00
-77.00
-83.00
-89.00
-102.00
-90.00
-82.00
-46.00
3.00
60.00
118.00
154.00
170.00
168.00
168.00
136.00
124.00
122.00
129.00
193.00
223.00
223.00
157.00
66.00
-44.00
-136.00
-175.00
-179.00
-178.00
-161.00
-96.00
-52.00
999999
-17.00
-17.00
-36.00
15.00
61.00
183.00
302.00
336.00
228.00
86.00
-48.00
-120.00
-140.00
-142.00
-138.00
-122.00
-113.00
-92.00
-78.00
-72.00
-54.00
-56.00
-46.00
-67.00
-74.00
-98.00
-128.00
-106.00
-90.00
-57.00
5.00
31.00
70.00
114.00
130.00
172.00
173.00
160.00
166.00
164.00
161.00
147.00
142.00
171.00
156.00
137.00
111.00
17.00
-67.00
-124.00
-140.00
-124.00
-104.00
-74.00
-23.00
1.00
14.00
48.00
53.00
54.00
74.00
69.00
77.00
88.00
999999
7.00
7.00
14.00
62.00
179.00
475.00
439.00
184.00
-58.00
-178.00
-216.00
-196.00
-174.00
-125.00
-105.00
-80.00
-51.00
-39.00
-35.00
-14.00
-41.00
-59.00
-68.00
-90.00
-117.00
-122.00
-125.00
-109.00
-71.00
-14.00
53.00
106.00
149.00
191.00
199.00
157.00
130.00
128.00
114.00
100.00
120.00
128.00
169.00
215.00
244.00
272.00
217.00
69.00
-54.00
-143.00
-191.00
-175.00
-129.00
-72.00
-40.00
999999
10.00
10.00
37.00
86.00
147.00
237.00
280.00
240.00
128.00
19.00
-60.00
-102.00
-135.00
-137.00
-121.00
-101.00
-78.00
-55.00
-40.00
-26.00
-30.00
-30.00
-50.00
-55.00
-68.00
-78.00
-81.00
-78.00
-82.00
-64.00
-32.00
9.00
58.00
122.00
170.00
182.00
164.00
137.00
117.00
96.00
65.00
68.00
89.00
86.00
92.00
107.00
136.00
182.00
220.00
241.00
203.00
102.00
-12.00
-106.00
-151.00
-132.00
-97.00
-65.00
-29.00
999999
-2.00
-2.00
-12.00
1.00
54.00
114.00
220.00
299.00
278.00
187.00
64.00
-36.00
-120.00
-159.00
-160.00
-151.00
-129.00
-101.00
-80.00
-65.00
-50.00
-53.00
-65.00
-84.00
-86.00
-96.00
-112.00
-103.00
-87.00
-67.00
-36.00
30.00
97.00
123.00
167.00
176.00
156.00
135.00
114.00
121.00
126.00
122.00
187.00
231.00
281.00
264.00
179.00
98.00
-38.00
-131.00
-186.00
-172.00
-146.00
-110.00
-71.00
-41.00
-26.00
3.00
16.00
999999
19.00
19.00
19.00
34.00
91.00
137.00
240.00
235.00
160.00
82.00
-25.00
-126.00
-172.00
-192.00
-191.00
-178.00
-147.00
-130.00
-96.00
-96.00
-106.00
-92.00
-98.00
-117.00
-110.00
-125.00
-104.00
-81.00
-72.00
-58.00
-20.00
51.00
70.00
124.00
150.00
136.00
119.00
121.00
119.00
114.00
100.00
100.00
78.00
114.00
125.00
149.00
148.00
157.00
120.00
-3.00
-89.00
-149.00
-166.00
-155.00
-123.00
-84.00
-28.00
999999
75.00
75.00
103.00
163.00
300.00
356.00
350.00
208.00
79.00
-82.00
-168.00
-211.00
-194.00
-171.00
-145.00
-117.00
-102.00
-109.00
-116.00
-127.00
-133.00
-116.00
-99.00
-83.00
-50.00
-27.00
55.00
53.00
104.00
160.00
127.00
142.00
132.00
87.00
107.00
134.00
232.00
410.00
403.00
251.00
73.00
-88.00
-206.00
-232.00
-228.00
-189.00
-147.00
-91.00
999999
-20.00
-40.00
-40.00
-12.00
10.00
52.00
186.00
287.00
311.00
294.00
133.00
-21.00
-133.00
-182.00
-168.00
-158.00
-141.00
-125.00
-104.00
-79.00
-72.00
-66.00
-63.00
-66.00
-80.00
-70.00
-95.00
-101.00
-94.00
-90.00
-80.00
-73.00
-17.00
30.00
76.00
131.00
190.00
147.00
160.00
165.00
156.00
151.00
168.00
177.00
187.00
214.00
218.00
183.00
103.00
-8.00
-97.00
-145.00
-169.00
-158.00
-122.00
-89.00
999999
-15.00
-37.00
-37.00
1.00
106.00
223.00
303.00
326.00
232.00
126.00
21.00
-53.00
-124.00
-133.00
-129.00
-103.00
-86.00
-75.00
-62.00
-56.00
-63.00
-64.00
-92.00
-95.00
-103.00
-94.00
-67.00
-39.00
-19.00
11.00
39.00
94.00
138.00
145.00
190.00
217.00
201.00
216.00
212.00
201.00
207.00
208.00
207.00
184.00
130.00
49.00
-3.00
-61.00
-109.00
-126.00
-102.00
-80.00
-51.00
-35.00
999999
75.00
75.00
71.00
102.00
241.00
331.00
341.00
233.00
109.00
-7.00
-103.00
-130.00
-120.00
-109.00
-86.00
-69.00
-57.00
-48.00
-59.00
-58.00
-75.00
-97.00
-104.00
-92.00
-65.00
-46.00
-35.00
6.00
42.00
90.00
151.00
171.00
204.00
215.00
193.00
196.00
194.00
203.00
232.00
273.00
269.00
204.00
27.00
-93.00
-153.00
-164.00
999999
56.00
56.00
56.00
56.00
129.00
239.00
347.00
325.00
148.00
24.00
-71.00
-123.00
-115.00
-101.00
-100.00
-69.00
-44.00
-36.00
-21.00
-7.00
-1.00
-12.00
-16.00
-19.00
-28.00
-28.00
-45.00
-53.00
-55.00
-63.00
-47.00
-14.00
30.00
50.00
63.00
76.00
97.00
101.00
104.00
102.00
95.00
85.00
76.00
98.00
96.00
108.00
119.00
120.00
155.00
170.00
165.00
138.00
91.00
23.00
-24.00
-64.00
-71.00
-72.00
-58.00
-41.00
-25.00
-2.00
9.00
24.00
34.00
999999
69.00
69.00
81.00
123.00
214.00
274.00
251.00
156.00
64.00
-44.00
-132.00
-151.00
-158.00
-133.00
-116.00
-96.00
-76.00
-56.00
-49.00
-27.00
-45.00
-36.00
-44.00
-63.00
-96.00
-108.00
-119.00
-101.00
-119.00
-103.00
-49.00
2.00
69.00
119.00
180.00
183.00
131.00
131.00
138.00
131.00
135.00
154.00
191.00
216.00
243.00
206.00
105.00
-43.00
-116.00
-149.00
-180.00
-152.00
-112.00
-49.00
-26.00
999999
89.00
123.00
123.00
137.00
219.00
298.00
224.00
142.00
19.00
-74.00
-139.00
-160.00
-142.00
-136.00
-107.00
-90.00
-79.00
-57.00
-50.00
-57.00
-61.00
-79.00
-76.00
-78.00
-93.00
-93.00
-86.00
-61.00
8.00
61.00
126.00
177.00
189.00
187.00
174.00
163.00
159.00
158.00
171.00
226.00
277.00
279.00
202.00
65.00
-59.00
-110.00
-137.00
-143.00
-104.00
-60.00
-4.00
15.00
999999
157.00
157.00
157.00
318.00
378.00
342.00
206.00
20.00
-85.00
-157.00
-171.00
-156.00
-123.00
-102.00
-80.00
-77.00
-67.00
-54.00
-46.00
-76.00
-63.00
-70.00
-94.00
-108.00
-86.00
-90.00
-66.00
-40.00
0.00
44.00
98.00
129.00
174.00
193.00
179.00
180.00
181.00
176.00
168.00
185.00
216.00
197.00
155.00
103.00
41.00
-34.00
-94.00
-120.00
-130.00
-115.00
-74.00
-44.00
-2.00
999999
223.00
223.00
223.00
342.00
355.00
248.00
77.00
-56.00
-160.00
-175.00
-147.00
-108.00
-83.00
-75.00
-61.00
-49.00
-48.00
-35.00
-29.00
-14.00
-23.00
-22.00
-25.00
-39.00
-56.00
-80.00
-82.00
-89.00
-90.00
-87.00
-57.00
13.00
64.00
115.00
157.00
182.00
170.00
168.00
167.00
165.00
160.00
166.00
189.00
207.00
218.00
174.00
101.00
1.00
-100.00
-147.00
-138.00
-131.00
-104.00
999999
5.00
57.00
57.00
28.00
97.00
220.00
332.00
336.00
211.00
49.00
-61.00
-118.00
-122.00
-102.00
-82.00
-69.00
-60.00
-52.00
-32.00
-46.00
-52.00
-61.00
-69.00
-80.00
-93.00
-85.00
-80.00
-73.00
-41.00
-30.00
8.00
75.00
103.00
175.00
218.00
216.00
194.00
193.00
208.00
256.00
272.00
212.00
65.00
-78.00
-154.00
-179.00
-167.00
-135.00
-69.00
-27.00
999999
50.00
50.00
50.00
150.00
273.00
391.00
276.00
53.00
-95.00
-177.00
-204.00
-175.00
-109.00
-77.00
-65.00
-37.00
-29.00
-22.00
-20.00
-37.00
-52.00
-77.00
-73.00
-93.00
-104.00
-95.00
-84.00
-67.00
-11.00
29.00
71.00
137.00
182.00
213.00
210.00
222.00
222.00
257.00
296.00
210.00
84.00
10.00
-84.00
-148.00
-166.00
-152.00
-120.00
-74.00
999999
308.00
308.00
308.00
233.00
289.00
328.00
293.00
261.00
242.00
273.00
258.00
316.00
255.00
251.00
256.00
243.00
234.00
227.00
235.00
248.00
224.00
222.00
228.00
231.00
214.00
219.00
214.00
193.00
198.00
195.00
210.00
230.00
264.00
305.00
299.00
301.00
318.00
277.00
269.00
287.00
268.00
251.00
252.00
247.00
244.00
264.00
266.00
291.00
251.00
249.00
280.00
237.00
230.00
235.00
259.00
254.00
267.00
999999
177.00
159.00
159.00
175.00
274.00
343.00
331.00
305.00
289.00
294.00
246.00
291.00
244.00
241.00
231.00
228.00
226.00
230.00
217.00
208.00
229.00
192.00
185.00
157.00
185.00
205.00
198.00
200.00
257.00
309.00
313.00
321.00
329.00
327.00
316.00
307.00
316.00
312.00
279.00
303.00
240.00
223.00
221.00
214.00
212.00
235.00
254.00
999999
212.00
212.00
169.00
222.00
281.00
284.00
319.00
270.00
241.00
273.00
243.00
290.00
256.00
255.00
256.00
210.00
243.00
253.00
210.00
230.00
215.00
195.00
192.00
199.00
146.00
187.00
200.00
151.00
157.00
216.00
248.00
255.00
313.00
316.00
339.00
353.00
334.00
283.00
297.00
265.00
259.00
255.00
261.00
280.00
266.00
262.00
232.00
233.00
240.00
244.00
256.00
261.00
272.00
255.00
999999
218.00
218.00
218.00
257.00
235.00
268.00
263.00
278.00
238.00
224.00
239.00
251.00
252.00
224.00
211.00
237.00
238.00
244.00
249.00
239.00
209.00
229.00
194.00
170.00
137.00
204.00
202.00
210.00
270.00
247.00
245.00
262.00
301.00
320.00
311.00
321.00
333.00
296.00
281.00
294.00
281.00
255.00
241.00
235.00
280.00
247.00
233.00
250.00
287.00
999999
239.00
239.00
216.00
239.00
234.00
241.00
257.00
281.00
305.00
287.00
288.00
286.00
265.00
254.00
256.00
226.00
219.00
227.00
221.00
205.00
222.00
199.00
181.00
120.00
157.00
172.00
136.00
230.00
251.00
260.00
272.00
343.00
339.00
320.00
322.00
314.00
328.00
324.00
265.00
204.00
197.00
234.00
296.00
281.00
232.00
280.00
999999
267.00
267.00
218.00
268.00
254.00
293.00
275.00
272.00
292.00
274.00
235.00
266.00
208.00
214.00
206.00
207.00
222.00
194.00
193.00
122.00
166.00
170.00
130.00
187.00
201.00
206.00
260.00
268.00
288.00
351.00
376.00
376.00
333.00
341.00
324.00
313.00
310.00
229.00
188.00
211.00
247.00
233.00
248.00
259.00
286.00
281.00
999999
192.00
192.00
192.00
227.00
289.00
283.00
325.00
278.00
357.00
313.00
264.00
234.00
213.00
213.00
197.00
146.00
149.00
188.00
227.00
192.00
189.00
166.00
145.00
134.00
128.00
191.00
195.00
226.00
281.00
349.00
395.00
405.00
377.00
348.00
336.00
273.00
320.00
290.00
238.00
243.00
227.00
241.00
245.00
243.00
274.00
999999
209.00
209.00
199.00
219.00
225.00
287.00
405.00
272.00
226.00
262.00
275.00
243.00
213.00
207.00
181.00
159.00
183.00
197.00
191.00
151.00
120.00
167.00
153.00
150.00
238.00
248.00
322.00
418.00
377.00
388.00
377.00
309.00
281.00
286.00
328.00
336.00
275.00
242.00
228.00
207.00
225.00
261.00
262.00
283.00
999999
213.00
206.00
206.00
227.00
256.00
323.00
339.00
308.00
249.00
256.00
232.00
265.00
245.00
264.00
261.00
246.00
222.00
242.00
242.00
213.00
209.00
192.00
165.00
168.00
192.00
173.00
167.00
178.00
245.00
265.00
302.00
328.00
385.00
361.00
343.00
322.00
300.00
258.00
244.00
296.00
291.00
284.00
216.00
231.00
243.00
249.00
239.00
267.00
247.00
256.00
265.00
999999
236.00
291.00
291.00
222.00
232.00
228.00
246.00
232.00
223.00
246.00
258.00
272.00
265.00
267.00
234.00
233.00
228.00
225.00
240.00
263.00
230.00
245.00
255.00
248.00
212.00
211.00
221.00
187.00
215.00
173.00
193.00
186.00
222.00
320.00
315.00
301.00
296.00
320.00
283.00
256.00
251.00
260.00
261.00
265.00
297.00
299.00
268.00
227.00
232.00
243.00
258.00
256.00
253.00
292.00
999999
233.00
228.00
228.00
242.00
290.00
290.00
309.00
263.00
283.00
258.00
250.00
267.00
233.00
251.00
254.00
218.00
242.00
217.00
221.00
236.00
185.00
202.00
162.00
134.00
131.00
206.00
193.00
235.00
251.00
286.00
342.00
389.00
334.00
289.00
337.00
279.00
253.00
241.00
290.00
271.00
276.00
273.00
195.00
220.00
251.00
272.00
239.00
239.00
242.00
999999
273.00
273.00
273.00
315.00
264.00
234.00
285.00
222.00
266.00
253.00
281.00
248.00
238.00
220.00
210.00
218.00
230.00
262.00
238.00
228.00
221.00
196.00
198.00
180.00
130.00
142.00
180.00
170.00
206.00
249.00
254.00
269.00
345.00
355.00
343.00
350.00
297.00
296.00
294.00
250.00
266.00
231.00
296.00
290.00
232.00
242.00
261.00
241.00
239.00
239.00
235.00
254.00
282.00
999999
276.00
276.00
267.00
319.00
316.00
307.00
225.00
224.00
286.00
223.00
254.00
242.00
206.00
218.00
214.00
233.00
254.00
230.00
229.00
218.00
173.00
170.00
155.00
127.00
185.00
182.00
227.00
270.00
303.00
315.00
330.00
320.00
334.00
314.00
311.00
311.00
324.00
349.00
321.00
219.00
242.00
256.00
242.00
234.00
237.00
244.00
250.00
249.00
999999
200.00
200.00
190.00
226.00
225.00
251.00
246.00
332.00
277.00
269.00
258.00
246.00
256.00
281.00
246.00
242.00
255.00
238.00
228.00
220.00
203.00
220.00
171.00
218.00
192.00
190.00
223.00
224.00
211.00
243.00
278.00
284.00
295.00
303.00
271.00
322.00
316.00
310.00
313.00
281.00
268.00
218.00
199.00
252.00
257.00
237.00
246.00
255.00
264.00
999999
315.00
315.00
315.00
239.00
293.00
346.00
329.00
305.00
296.00
251.00
232.00
242.00
245.00
219.00
237.00
244.00
259.00
222.00
201.00
190.00
169.00
179.00
181.00
176.00
186.00
216.00
271.00
255.00
268.00
308.00
330.00
319.00
317.00
308.00
341.00
332.00
301.00
299.00
261.00
249.00
261.00
226.00
224.00
231.00
268.00
999999
155.00
155.00
135.00
157.00
54.00
49.00
28.00
79.00
161.00
272.00
301.00
294.00
311.00
292.00
261.00
237.00
222.00
222.00
225.00
223.00
173.00
203.00
179.00
157.00
198.00
234.00
185.00
237.00
262.00
260.00
243.00
241.00
194.00
222.00
241.00
183.00
98.00
151.00
134.00
165.00
165.00
115.00
69.00
26.00
62.00
160.00
233.00
282.00
291.00
311.00
311.00
230.00
189.00
202.00
999999
74.00
74.00
74.00
33.00
-36.00
-177.00
-255.00
-239.00
46.00
191.00
222.00
283.00
262.00
254.00
207.00
194.00
150.00
153.00
160.00
128.00
128.00
139.00
133.00
187.00
216.00
246.00
236.00
220.00
194.00
167.00
66.00
29.00
9.00
-49.00
-23.00
-2.00
31.00
50.00
61.00
10.00
-38.00
-147.00
-247.00
-103.00
85.00
200.00
317.00
342.00
301.00
252.00
217.00
999999
-50.00
-68.00
-68.00
-197.00
-312.00
-337.00
-205.00
-65.00
81.00
261.00
235.00
239.00
200.00
165.00
173.00
116.00
110.00
114.00
86.00
111.00
129.00
154.00
190.00
205.00
186.00
178.00
177.00
104.00
45.00
29.00
-31.00
-66.00
-84.00
-65.00
-59.00
-39.00
-48.00
-88.00
-165.00
-229.00
-194.00
14.00
140.00
278.00
332.00
307.00
226.00
139.00
84.00
999999
-116.00
-178.00
-178.00
-247.00
-343.00
-299.00
-207.00
29.00
154.00
192.00
209.00
217.00
169.00
127.00
144.00
72.00
77.00
93.00
52.00
62.00
56.00
108.00
142.00
166.00
215.00
221.00
203.00
165.00
91.00
-14.00
-87.00
-134.00
-132.00
-103.00
-111.00
-59.00
-24.00
-45.00
-67.00
-122.00
-268.00
-292.00
-204.00
4.00
181.00
254.00
312.00
240.00
174.00
144.00
116.00
999999
-116.00
-116.00
-152.00
-239.00
-351.00
-419.00
-239.00
-43.00
136.00
219.00
270.00
200.00
213.00
165.00
146.00
140.00
104.00
96.00
73.00
67.00
65.00
39.00
51.00
84.00
71.00
110.00
155.00
186.00
158.00
183.00
171.00
103.00
16.00
-53.00
-91.00
-113.00
-121.00
-131.00
-36.00
-45.00
-46.00
-89.00
-136.00
-227.00
-197.00
-72.00
38.00
201.00
243.00
307.00
248.00
187.00
999999
12.00
12.00
12.00
-1.00
-54.00
-165.00
-184.00
-56.00
52.00
154.00
197.00
259.00
216.00
232.00
208.00
165.00
171.00
167.00
131.00
151.00
122.00
128.00
166.00
174.00
185.00
187.00
174.00
195.00
156.00
149.00
73.00
90.00
64.00
-10.00
-21.00
1.00
-19.00
-18.00
-28.00
-56.00
-143.00
-132.00
-68.00
24.00
158.00
256.00
248.00
274.00
267.00
999999
63.00
63.00
62.00
63.00
20.00
-1.00
-29.00
31.00
117.00
174.00
265.00
293.00
321.00
298.00
252.00
197.00
195.00
200.00
155.00
151.00
176.00
189.00
179.00
190.00
199.00
191.00
178.00
169.00
151.00
216.00
191.00
157.00
146.00
164.00
145.00
144.00
133.00
111.00
99.00
85.00
-45.00
-79.00
-27.00
70.00
217.00
300.00
327.00
314.00
267.00
230.00
202.00
188.00
999999
2.00
42.00
42.00
-46.00
-51.00
-115.00
-95.00
-26.00
84.00
222.00
307.00
323.00
282.00
284.00
238.00
238.00
166.00
186.00
193.00
166.00
182.00
216.00
203.00
190.00
156.00
170.00
163.00
145.00
135.00
112.00
82.00
111.00
106.00
79.00
-16.00
-95.00
-140.00
-145.00
147.00
281.00
322.00
342.00
332.00
256.00
210.00
999999
34.00
34.00
34.00
28.00
-69.00
-167.00
-55.00
61.00
174.00
308.00
329.00
325.00
304.00
277.00
187.00
208.00
213.00
201.00
180.00
178.00
161.00
184.00
186.00
171.00
192.00
196.00
208.00
201.00
199.00
195.00
227.00
182.00
149.00
153.00
106.00
76.00
25.00
-10.00
-50.00
28.00
140.00
210.00
296.00
330.00
322.00
294.00
274.00
999999
-93.00
-93.00
-109.00
-115.00
-254.00
-286.00
-199.00
-9.00
137.00
201.00
279.00
256.00
209.00
210.00
159.00
126.00
150.00
101.00
89.00
100.00
80.00
117.00
149.00
150.00
179.00
206.00
184.00
132.00
121.00
72.00
53.00
20.00
-32.00
-32.00
-1.00
-14.00
2.00
19.00
-18.00
-59.00
-122.00
-207.00
-164.00
-97.00
104.00
221.00
306.00
296.00
240.00
187.00
154.00
138.00
999999
23.00
0.00
0.00
-16.00
-116.00
-172.00
-227.00
-156.00
44.00
129.00
205.00
258.00
230.00
236.00
203.00
190.00
180.00
156.00
122.00
127.00
100.00
102.00
92.00
110.00
149.00
152.00
171.00
203.00
180.00
187.00
133.00
126.00
62.00
17.00
-4.00
2.00
-6.00
-4.00
33.00
52.00
59.00
45.00
15.00
-53.00
-118.00
-221.00
-209.00
-69.00
135.00
264.00
316.00
339.00
255.00
179.00
157.00
999999
180.00
176.00
176.00
215.00
186.00
183.00
222.00
200.00
257.00
255.00
289.00
287.00
257.00
251.00
241.00
216.00
238.00
238.00
238.00
235.00
233.00
212.00
195.00
194.00
160.00
170.00
186.00
183.00
180.00
214.00
255.00
320.00
343.00
352.00
315.00
282.00
268.00
263.00
240.00
200.00
199.00
191.00
261.00
290.00
289.00
300.00
268.00
226.00
231.00
276.00
234.00
221.00
999999
364.00
364.00
364.00
282.00
272.00
310.00
296.00
261.00
246.00
257.00
285.00
247.00
244.00
216.00
212.00
199.00
205.00
173.00
151.00
174.00
137.00
115.00
164.00
193.00
206.00
240.00
327.00
354.00
366.00
317.00
295.00
279.00
295.00
225.00
214.00
227.00
212.00
264.00
311.00
289.00
290.00
277.00
239.00
999999
278.00
278.00
278.00
246.00
228.00
283.00
218.00
227.00
259.00
276.00
288.00
277.00
295.00
234.00
234.00
244.00
232.00
233.00
215.00
188.00
157.00
104.00
124.00
144.00
169.00
184.00
241.00
333.00
409.00
403.00
384.00
321.00
278.00
264.00
265.00
257.00
193.00
136.00
163.00
275.00
321.00
323.00
286.00
252.00
244.00
246.00
999999
228.00
228.00
228.00
320.00
287.00
314.00
274.00
263.00
256.00
285.00
235.00
173.00
171.00
195.00
202.00
175.00
180.00
197.00
151.00
182.00
158.00
170.00
234.00
245.00
311.00
380.00
348.00
324.00
301.00
252.00
267.00
270.00
248.00
275.00
254.00
193.00
257.00
220.00
273.00
315.00
272.00
251.00
257.00
260.00
209.00
237.00
999999
217.00
217.00
217.00
194.00
194.00
207.00
257.00
304.00
251.00
266.00
318.00
283.00
267.00
249.00
232.00
214.00
229.00
217.00
230.00
240.00
208.00
176.00
179.00
128.00
169.00
169.00
208.00
270.00
300.00
321.00
323.00
307.00
299.00
270.00
258.00
272.00
243.00
211.00
255.00
233.00
104.00
184.00
271.00
294.00
313.00
350.00
311.00
253.00
209.00
207.00
208.00
999999
256.00
256.00
250.00
229.00
233.00
331.00
335.00
297.00
333.00
277.00
273.00
294.00
243.00
200.00
198.00
233.00
212.00
233.00
219.00
186.00
171.00
172.00
139.00
150.00
173.00
157.00
220.00
255.00
359.00
371.00
330.00
326.00
323.00
309.00
268.00
270.00
237.00
193.00
201.00
271.00
283.00
279.00
262.00
298.00
999999
194.00
183.00
183.00
192.00
287.00
293.00
239.00
287.00
280.00
307.00
257.00
292.00
242.00
236.00
228.00
272.00
254.00
205.00
178.00
158.00
125.00
153.00
198.00
233.00
272.00
325.00
335.00
305.00
302.00
277.00
312.00
261.00
198.00
267.00
263.00
287.00
285.00
295.00
256.00
999999
148.00
148.00
148.00
88.00
192.00
248.00
304.00
262.00
304.00
279.00
280.00
278.00
221.00
264.00
230.00
198.00
229.00
244.00
170.00
195.00
183.00
164.00
160.00
172.00
179.00
192.00
208.00
254.00
295.00
332.00
378.00
320.00
289.00
293.00
294.00
279.00
279.00
291.00
128.00
188.00
265.00
268.00
302.00
343.00
255.00
235.00
999999
211.00
211.00
183.00
246.00
198.00
295.00
253.00
199.00
282.00
360.00
294.00
261.00
295.00
239.00
222.00
219.00
233.00
248.00
223.00
192.00
208.00
166.00
156.00
128.00
170.00
224.00
269.00
308.00
369.00
370.00
360.00
260.00
281.00
249.00
184.00
207.00
227.00
238.00
315.00
301.00
310.00
264.00
233.00
247.00
999999
223.00
223.00
217.00
217.00
297.00
267.00
248.00
259.00
277.00
295.00
260.00
243.00
231.00
232.00
223.00
197.00
270.00
244.00
244.00
234.00
222.00
235.00
231.00
209.00
232.00
236.00
213.00
216.00
193.00
194.00
169.00
167.00
236.00
275.00
319.00
338.00
304.00
278.00
266.00
242.00
232.00
232.00
189.00
225.00
247.00
234.00
250.00
262.00
294.00
313.00
314.00
322.00
280.00
236.00
202.00
215.00
999999
116.00
133.00
133.00
229.00
448.00
514.00
387.00
200.00
31.00
-93.00
-140.00
-148.00
-123.00
-107.00
-79.00
-52.00
-46.00
-54.00
-63.00
-89.00
-119.00
-135.00
-158.00
-112.00
-39.00
94.00
200.00
240.00
241.00
243.00
206.00
178.00
180.00
173.00
196.00
224.00
276.00
341.00
371.00
330.00
108.00
-38.00
-133.00
-161.00
-148.00
-115.00
-38.00
999999
139.00
139.00
166.00
225.00
359.00
469.00
385.00
161.00
-7.00
-101.00
-126.00
-139.00
-141.00
-97.00
-66.00
-45.00
-44.00
-23.00
-24.00
-31.00
-35.00
-63.00
-87.00
-112.00
-113.00
-103.00
-42.00
35.00
124.00
201.00
234.00
234.00
226.00
213.00
189.00
179.00
184.00
236.00
271.00
317.00
255.00
151.00
20.00
-90.00
-144.00
-157.00
-131.00
-62.00
-62.00
999999
128.00
128.00
162.00
236.00
347.00
465.00
365.00
130.00
-31.00
-78.00
-114.00
-105.00
-103.00
-63.00
-58.00
-20.00
-27.00
-15.00
-14.00
-41.00
-56.00
-89.00
-99.00
-130.00
-101.00
-17.00
65.00
162.00
222.00
229.00
234.00
208.00
187.00
184.00
182.00
230.00
288.00
378.00
425.00
309.00
51.00
-92.00
-144.00
-135.00
-113.00
-52.00
-6.00
32.00
999999
166.00
209.00
209.00
179.00
313.00
471.00
452.00
302.00
152.00
48.00
20.00
-20.00
0.00
-10.00
13.00
17.00
39.00
62.00
65.00
61.00
38.00
8.00
-23.00
-58.00
-75.00
-56.00
2.00
45.00
150.00
235.00
302.00
304.00
272.00
274.00
247.00
282.00
326.00
386.00
405.00
333.00
222.00
90.00
-24.00
-81.00
-88.00
-67.00
-10.00
47.00
86.00
999999
159.00
159.00
159.00
263.00
334.00
392.00
343.00
244.00
70.00
-31.00
-85.00
-91.00
-83.00
-63.00
-50.00
-39.00
-49.00
-22.00
-33.00
-37.00
-30.00
-63.00
-71.00
-80.00
-74.00
-37.00
21.00
86.00
184.00
253.00
285.00
299.00
265.00
270.00
291.00
313.00
348.00
370.00
347.00
260.00
93.00
-50.00
-130.00
-138.00
-97.00
-35.00
999999
86.00
86.00
97.00
141.00
300.00
387.00
302.00
143.00
67.00
-40.00
-76.00
-85.00
-70.00
-58.00
-41.00
-28.00
-25.00
-22.00
-16.00
-22.00
-25.00
-42.00
-62.00
-60.00
-75.00
-89.00
-87.00
-62.00
-41.00
11.00
87.00
155.00
212.00
228.00
220.00
189.00
179.00
189.00
158.00
158.00
193.00
223.00
260.00
248.00
151.00
36.00
-63.00
-101.00
-113.00
-90.00
-55.00
-25.00
999999
92.00
92.00
92.00
162.00
261.00
351.00
346.00
262.00
137.00
-3.00
-91.00
-111.00
-99.00
-97.00
-70.00
-55.00
-25.00
-34.00
-34.00
-36.00
-58.00
-60.00
-61.00
-83.00
-93.00
-108.00
-86.00
-22.00
23.00
96.00
154.00
203.00
225.00
237.00
226.00
221.00
224.00
233.00
251.00
273.00
286.00
225.00
132.00
17.00
-59.00
-96.00
-103.00
-93.00
-56.00
-32.00
-4.00
1.00
20.00
999999
174.00
174.00
193.00
248.00
325.00
341.00
276.00
178.00
59.00
-11.00
-69.00
-72.00
-72.00
-60.00
-47.00
-27.00
-10.00
-20.00
1.00
-16.00
-32.00
-34.00
-62.00
-69.00
-82.00
-74.00
-44.00
-1.00
37.00
106.00
189.00
259.00
279.00
305.00
304.00
262.00
271.00
280.00
309.00
332.00
338.00
317.00
208.00
75.00
-40.00
-102.00
-111.00
-87.00
-61.00
-19.00
25.00
35.00
999999
158.00
183.00
183.00
214.00
294.00
328.00
314.00
202.00
113.00
28.00
-42.00
-82.00
-69.00
-57.00
-41.00
-5.00
8.00
1.00
-14.00
-32.00
-51.00
-71.00
-81.00
-81.00
-57.00
-21.00
11.00
55.00
98.00
175.00
232.00
268.00
287.00
288.00
260.00
296.00
322.00
357.00
354.00
280.00
117.00
-28.00
-116.00
-128.00
-84.00
-28.00
999999
211.00
211.00
229.00
287.00
370.00
328.00
250.00
140.00
29.00
-38.00
-104.00
-81.00
-83.00
-59.00
-54.00
-17.00
-4.00
-15.00
-24.00
-33.00
-75.00
-84.00
-98.00
-87.00
-57.00
-12.00
42.00
111.00
162.00
249.00
282.00
292.00
287.00
292.00
284.00
296.00
318.00
321.00
304.00
242.00
149.00
28.00
-68.00
-111.00
-102.00
-81.00
-36.00
7.00
999999
194.00
194.00
209.00
229.00
342.00
376.00
283.00
223.00
100.00
15.00
-54.00
-109.00
-107.00
-89.00
-70.00
-41.00
-31.00
-34.00
-42.00
-51.00
-71.00
-81.00
-82.00
-99.00
-83.00
-70.00
-32.00
18.00
75.00
127.00
158.00
192.00
208.00
186.00
184.00
196.00
227.00
259.00
265.00
261.00
233.00
187.00
119.00
31.00
-37.00
-86.00
-88.00
-73.00
-54.00
999999
106.00
106.00
89.00
148.00
227.00
365.00
389.00
317.00
198.00
90.00
-12.00
-63.00
-89.00
-79.00
-82.00
-68.00
-62.00
-73.00
-80.00
-87.00
-117.00
-118.00
-113.00
-84.00
-29.00
12.00
94.00
168.00
234.00
261.00
258.00
257.00
269.00
281.00
298.00
320.00
308.00
255.00
177.00
83.00
-14.00
-99.00
-116.00
-109.00
-75.00
999999
192.00
192.00
192.00
255.00
352.00
404.00
386.00
265.00
144.00
7.00
-78.00
-112.00
-113.00
-100.00
-64.00
-60.00
-28.00
-15.00
-24.00
-24.00
-44.00
-57.00
-79.00
-99.00
-79.00
-49.00
5.00
96.00
211.00
253.00
284.00
270.00
271.00
258.00
268.00
284.00
324.00
366.00
339.00
234.00
103.00
-25.00
-67.00
-91.00
-89.00
-59.00
-40.00
999999
60.00
60.00
46.00
65.00
111.00
184.00
351.00
393.00
243.00
82.00
-3.00
-82.00
-106.00
-134.00
-129.00
-110.00
-78.00
-54.00
-34.00
-11.00
-6.00
2.00
-11.00
-32.00
-58.00
-89.00
-100.00
-84.00
-49.00
76.00
183.00
241.00
239.00
241.00
211.00
190.00
155.00
139.00
126.00
138.00
171.00
218.00
302.00
321.00
140.00
10.00
-77.00
-134.00
-140.00
-115.00
-67.00
1.00
27.00
46.00
82.00
999999
373.00
319.00
319.00
289.00
132.00
-30.00
-137.00
-135.00
-141.00
-154.00
-101.00
-86.00
-44.00
-10.00
0.00
27.00
36.00
3.00
-20.00
-68.00
-95.00
-126.00
-135.00
-114.00
-76.00
-26.00
64.00
133.00
204.00
231.00
247.00
230.00
225.00
196.00
196.00
240.00
373.00
491.00
354.00
21.00
-117.00
-170.00
-166.00
-134.00
-60.00
-11.00
999999
196.00
196.00
196.00
161.00
192.00
284.00
314.00
278.00
160.00
45.00
-38.00
-60.00
-67.00
-59.00
-41.00
-9.00
11.00
8.00
-1.00
-3.00
-18.00
-28.00
-45.00
-51.00
-49.00
-25.00
47.00
119.00
177.00
255.00
248.00
256.00
234.00
221.00
261.00
313.00
341.00
296.00
237.00
75.00
-72.00
-126.00
-135.00
-122.00
-86.00
-31.00
9.00
34.00
999999
151.00
151.00
173.00
200.00
350.00
446.00
416.00
249.00
35.00
-85.00
-121.00
-128.00
-118.00
-88.00
-52.00
-37.00
-42.00
-68.00
-88.00
-110.00
-130.00
-127.00
-85.00
-31.00
46.00
116.00
214.00
267.00
289.00
300.00
290.00
306.00
323.00
351.00
286.00
157.00
53.00
-23.00
-102.00
-133.00
-114.00
999999
110.00
111.00
111.00
157.00
305.00
403.00
338.00
225.00
78.00
-16.00
-80.00
-119.00
-119.00
-95.00
-80.00
-64.00
-36.00
-49.00
-35.00
-47.00
-66.00
-71.00
-95.00
-106.00
-84.00
-58.00
0.00
67.00
154.00
203.00
256.00
257.00
256.00
208.00
179.00
176.00
183.00
233.00
262.00
307.00
308.00
247.00
151.00
13.00
-77.00
-113.00
-105.00
-75.00
-46.00
-1.00
999999
25.00
25.00
25.00
-50.00
-108.00
-127.00
-132.00
-111.00
-96.00
-62.00
-45.00
-33.00
-6.00
7.00
27.00
39.00
35.00
13.00
-19.00
-51.00
-96.00
-109.00
-99.00
-62.00
-25.00
59.00
131.00
200.00
242.00
256.00
233.00
215.00
208.00
202.00
212.00
253.00
298.00
303.00
257.00
141.00
-4.00
-103.00
-150.00
-131.00
-67.00
-16.00
999999
176.00
176.00
176.00
261.00
381.00
354.00
235.00
93.00
-12.00
-65.00
-93.00
-114.00
-106.00
-76.00
-78.00
-51.00
-44.00
-31.00
-32.00
-24.00
-23.00
-24.00
-32.00
-49.00
-57.00
-71.00
-78.00
-99.00
-66.00
-35.00
12.00
63.00
97.00
143.00
150.00
151.00
154.00
144.00
145.00
124.00
122.00
103.00
102.00
89.00
85.00
78.00
86.00
95.00
123.00
168.00
234.00
282.00
259.00
148.00
45.00
-46.00
-98.00
-112.00
-94.00
-66.00
-40.00
999999
21.00
21.00
21.00
-63.00
-105.00
-125.00
-120.00
-99.00
-75.00
-68.00
-58.00
-35.00
-13.00
-2.00
6.00
7.00
-8.00
-40.00
-69.00
-92.00
-123.00
-110.00
-76.00
-1.00
54.00
131.00
186.00
229.00
227.00
238.00
256.00
290.00
315.00
319.00
318.00
225.00
146.00
52.00
-24.00
-56.00
-87.00
-89.00
-80.00
-60.00
999999
-48.00
-48.00
-48.00
-86.00
-104.00
-120.00
-112.00
-93.00
-73.00
-66.00
-54.00
-61.00
-40.00
-38.00
-21.00
-21.00
-15.00
-6.00
-17.00
-33.00
-50.00
-65.00
-100.00
-97.00
-47.00
23.00
100.00
166.00
217.00
227.00
252.00
253.00
252.00
274.00
298.00
301.00
280.00
218.00
99.00
-33.00
-114.00
-142.00
-141.00
-119.00
-59.00
999999
-61.00
-61.00
-61.00
-131.00
-137.00
-137.00
-110.00
-80.00
-62.00
-49.00
-26.00
-11.00
4.00
3.00
0.00
-35.00
-45.00
-62.00
-82.00
-98.00
-96.00
-95.00
-47.00
-8.00
62.00
121.00
191.00
209.00
222.00
235.00
196.00
190.00
196.00
237.00
284.00
342.00
339.00
217.00
94.00
-36.00
-104.00
-114.00
-116.00
-88.00
-66.00
-49.00
-41.00
999999
260.00
260.00
223.00
257.00
258.00
225.00
179.00
239.00
257.00
281.00
280.00
271.00
271.00
226.00
246.00
280.00
242.00
224.00
235.00
226.00
241.00
254.00
249.00
223.00
254.00
245.00
251.00
245.00
250.00
246.00
237.00
235.00
213.00
220.00
206.00
187.00
195.00
212.00
200.00
232.00
253.00
274.00
290.00
311.00
302.00
298.00
283.00
285.00
256.00
256.00
260.00
260.00
238.00
258.00
252.00
256.00
247.00
243.00
263.00
276.00
265.00
257.00
254.00
253.00
249.00
256.00
257.00
262.00
999999
269.00
269.00
269.00
302.00
318.00
332.00
327.00
239.00
271.00
280.00
231.00
246.00
221.00
206.00
236.00
255.00
233.00
235.00
247.00
222.00
213.00
222.00
188.00
171.00
168.00
140.00
178.00
213.00
239.00
278.00
318.00
315.00
330.00
328.00
282.00
288.00
297.00
245.00
281.00
287.00
290.00
309.00
281.00
264.00
254.00
215.00
218.00
256.00
268.00
269.00
280.00
251.00
244.00
238.00
999999
268.00
247.00
247.00
231.00
243.00
248.00
231.00
256.00
235.00
226.00
259.00
244.00
245.00
270.00
262.00
249.00
276.00
239.00
239.00
252.00
256.00
215.00
244.00
240.00
217.00
214.00
208.00
206.00
188.00
206.00
169.00
206.00
207.00
250.00
310.00
348.00
344.00
322.00
314.00
297.00
257.00
253.00
233.00
265.00
212.00
203.00
253.00
256.00
272.00
273.00
288.00
271.00
999999
