-193.00
-194.00
-194.00
-204.00
-202.00
-195.00
-176.00
-136.00
-106.00
-90.00
-96.00
-90.00
-94.00
-88.00
-85.00
-71.00
-77.00
-72.00
-64.00
-40.00
-38.00
-25.00
-32.00
-21.00
-16.00
-1.00
11.00
21.00
32.00
37.00
30.00
23.00
7.00
0.00
0.00
9.00
21.00
28.00
42.00
40.00
56.00
37.00
32.00
15.00
-15.00
-40.00
-64.00
-87.00
-103.00
-112.00
-110.00
-86.00
-58.00
-37.00
-48.00
-76.00
-135.00
-194.00
-219.00
-219.00
999999
-150.00
-150.00
-139.00
-149.00
-133.00
-100.00
-73.00
-66.00
-80.00
-86.00
-97.00
-96.00
-96.00
-79.00
-73.00
-63.00
-60.00
-60.00
-45.00
-33.00
-26.00
-25.00
-2.00
0.00
7.00
24.00
46.00
42.00
24.00
22.00
20.00
15.00
27.00
37.00
34.00
36.00
48.00
49.00
57.00
65.00
63.00
64.00
62.00
53.00
32.00
9.00
2.00
-9.00
-27.00
-39.00
-51.00
-63.00
-60.00
-70.00
-76.00
-80.00
-85.00
-92.00
-105.00
-105.00
999999
