-193.00
-187.00
-187.00
-224.00
-192.00
-237.00
-222.00
-225.00
-218.00
-173.00
-132.00
-83.00
-60.00
-56.00
-79.00
-76.00
-121.00
-138.00
-191.00
-212.00
-263.00
-252.00
-303.00
-298.00
-328.00
-332.00
-318.00
-296.00
-297.00
-250.00
-277.00
-281.00
-303.00
-317.00
-327.00
-347.00
-389.00
-451.00
-444.00
-442.00
-379.00
-381.00
-321.00
-278.00
-235.00
-207.00
-221.00
-156.00
-167.00
-144.00
-128.00
-93.00
-41.00
-24.00
-23.00
-35.00
-51.00
-70.00
-107.00
-97.00
999999
-18.00
-18.00
-5.00
-31.00
-71.00
-118.00
-136.00
-138.00
-74.00
-55.00
1.00
32.00
41.00
37.00
68.00
67.00
107.00
142.00
164.00
158.00
182.00
188.00
199.00
166.00
129.00
135.00
93.00
93.00
151.00
178.00
176.00
181.00
143.00
109.00
91.00
104.00
85.00
79.00
44.00
54.00
37.00
-16.00
16.00
-7.00
-20.00
-10.00
13.00
5.00
11.00
6.00
19.00
35.00
7.00
6.00
0.00
-19.00
0.00
12.00
65.00
65.00
999999
