-38.00
-53.00
-53.00
-48.00
-42.00
-126.00
-125.00
-142.00
-186.00
-123.00
-126.00
-81.00
-30.00
-4.00
49.00
54.00
96.00
124.00
150.00
177.00
121.00
181.00
179.00
187.00
196.00
158.00
145.00
118.00
104.00
112.00
112.00
127.00
152.00
161.00
160.00
141.00
111.00
93.00
44.00
18.00
-32.00
-28.00
-72.00
-108.00
-115.00
-117.00
-89.00
-56.00
-76.00
-67.00
-64.00
-99.00
-133.00
-128.00
-14.00
97.00
214.00
336.00
358.00
354.00
999999
212.00
215.00
215.00
235.00
260.00
266.00
257.00
201.00
154.00
127.00
112.00
116.00
103.00
106.00
116.00
125.00
132.00
153.00
179.00
205.00
240.00
256.00
295.00
285.00
285.00
273.00
265.00
303.00
272.00
297.00
316.00
280.00
304.00
284.00
308.00
283.00
351.00
338.00
324.00
368.00
320.00
363.00
336.00
322.00
314.00
268.00
269.00
257.00
224.00
206.00
225.00
188.00
182.00
167.00
154.00
122.00
116.00
114.00
104.00
104.00
999999
