-125.00
-207.00
-207.00
-123.00
-118.00
-119.00
-117.00
-121.00
-124.00
-122.00
-120.00
-122.00
-122.00
-122.00
-124.00
-122.00
-122.00
-126.00
-167.00
-167.00
-167.00
-152.00
-153.00
-152.00
-164.00
-164.00
-166.00
-159.00
-153.00
-149.00
-149.00
-148.00
-148.00
-152.00
-160.00
-120.00
-120.00
-120.00
-99.00
-140.00
-212.00
-226.00
-216.00
-200.00
-189.00
-181.00
-178.00
-170.00
-166.00
-164.00
-165.00
-171.00
-180.00
-186.00
-158.00
-158.00
-158.00
-136.00
-150.00
-185.00
-181.00
-188.00
-171.00
-164.00
-160.00
-157.00
-155.00
-156.00
-154.00
-155.00
-158.00
-158.00
-162.00
-164.00
-170.00
-182.00
-182.00
-182.00
-157.00
-162.00
-169.00
-166.00
-162.00
-153.00
-149.00
-149.00
-147.00
-147.00
-147.00
-147.00
-154.00
-154.00
-156.00
-179.00
-168.00
-168.00
-152.00
-151.00
-160.00
