21.00
23.00
23.00
14.00
15.00
14.00
19.00
21.00
23.00
15.00
14.00
12.00
22.00
18.00
19.00
14.00
24.00
21.00
-9.00
-9.00
-5.00
-6.00
25.00
21.00
15.00
29.00
29.00
22.00
13.00
18.00
12.00
10.00
12.00
27.00
46.00
-242.00
-242.00
-242.00
-107.00
230.00
167.00
141.00
114.00
68.00
78.00
73.00
54.00
48.00
37.00
39.00
43.00
47.00
64.00
88.00
-75.00
-75.00
-75.00
49.00
180.00
153.00
82.00
102.00
82.00
73.00
66.00
65.00
56.00
58.00
59.00
62.00
67.00
57.00
70.00
92.00
109.00
-22.00
-22.00
-22.00
130.00
139.00
129.00
81.00
75.00
70.00
70.00
63.00
62.00
60.00
58.00
64.00
66.00
71.00
72.00
26.00
26.00
26.00
70.00
120.00
155.00
