199.00
224.00
224.00
227.00
233.00
230.00
237.00
205.00
214.00
221.00
207.00
205.00
208.00
212.00
209.00
219.00
231.00
219.00
140.00
140.00
129.00
192.00
217.00
211.00
197.00
216.00
203.00
204.00
202.00
201.00
196.00
192.00
194.00
215.00
226.00
1.00
1.00
-12.00
53.00
190.00
225.00
267.00
257.00
234.00
206.00
197.00
189.00
182.00
172.00
164.00
178.00
185.00
201.00
238.00
62.00
62.00
62.00
92.00
203.00
270.00
282.00
235.00
216.00
194.00
173.00
171.00
176.00
181.00
190.00
192.00
197.00
192.00
186.00
223.00
251.00
12.00
12.00
12.00
93.00
187.00
256.00
294.00
274.00
228.00
202.00
184.00
174.00
174.00
180.00
192.00
189.00
204.00
195.00
96.00
96.00
96.00
129.00
191.00
265.00
