227.00
181.00
181.00
206.00
216.00
348.00
424.00
377.00
262.00
214.00
220.00
156.00
194.00
169.00
236.00
229.00
236.00
215.00
211.00
188.00
35.00
-91.00
-247.00
-261.00
107.00
442.00
723.00
797.00
635.00
359.00
335.00
265.00
237.00
245.00
164.00
24.00
107.00
287.00
407.00
384.00
365.00
322.00
454.00
617.00
853.00
828.00
634.00
247.00
-149.00
-280.00
-171.00
-104.00
126.00
266.00
280.00
999999
253.00
253.00
253.00
247.00
254.00
255.00
211.00
309.00
433.00
329.00
191.00
265.00
265.00
168.00
158.00
175.00
178.00
150.00
176.00
138.00
69.00
-91.00
-254.00
-74.00
280.00
526.00
884.00
757.00
506.00
381.00
337.00
279.00
179.00
253.00
188.00
67.00
20.00
247.00
555.00
410.00
280.00
336.00
361.00
451.00
672.00
889.00
693.00
209.00
-230.00
-375.00
-234.00
-25.00
152.00
240.00
262.00
286.00
230.00
999999
240.00
240.00
240.00
229.00
322.00
290.00
416.00
438.00
283.00
139.00
213.00
213.00
220.00
219.00
222.00
194.00
203.00
173.00
165.00
157.00
10.00
-130.00
-320.00
-78.00
267.00
802.00
903.00
634.00
457.00
384.00
351.00
295.00
197.00
183.00
147.00
98.00
84.00
95.00
232.00
401.00
381.00
321.00
316.00
312.00
365.00
323.00
422.00
579.00
944.00
824.00
291.00
-164.00
-423.00
-358.00
-198.00
45.00
206.00
280.00
999999
258.00
267.00
267.00
252.00
240.00
254.00
409.00
374.00
178.00
194.00
188.00
243.00
249.00
206.00
225.00
182.00
129.00
111.00
96.00
83.00
-40.00
-198.00
-231.00
-102.00
213.00
704.00
892.00
643.00
455.00
392.00
336.00
248.00
234.00
211.00
183.00
151.00
95.00
-10.00
204.00
422.00
380.00
321.00
378.00
475.00
447.00
536.00
752.00
892.00
728.00
341.00
-63.00
-314.00
-319.00
-252.00
3.00
157.00
244.00
256.00
232.00
229.00
247.00
254.00
248.00
999999
254.00
254.00
225.00
222.00
181.00
336.00
511.00
461.00
173.00
193.00
144.00
172.00
174.00
198.00
155.00
186.00
189.00
235.00
236.00
263.00
252.00
213.00
151.00
119.00
57.00
-81.00
-242.00
-195.00
98.00
474.00
840.00
722.00
541.00
426.00
329.00
334.00
251.00
237.00
118.00
111.00
38.00
93.00
244.00
339.00
417.00
402.00
309.00
316.00
296.00
275.00
252.00
268.00
278.00
370.00
472.00
702.00
987.00
813.00
404.00
-121.00
-357.00
-362.00
-147.00
22.00
102.00
184.00
167.00
188.00
232.00
241.00
269.00
999999
222.00
215.00
215.00
198.00
272.00
425.00
627.00
617.00
319.00
165.00
52.00
-15.00
13.00
37.00
44.00
74.00
126.00
131.00
126.00
142.00
144.00
99.00
21.00
-39.00
-77.00
-42.00
29.00
232.00
378.00
425.00
465.00
412.00
393.00
302.00
239.00
224.00
132.00
93.00
-7.00
-88.00
-116.00
53.00
278.00
478.00
471.00
414.00
304.00
292.00
271.00
208.00
198.00
261.00
282.00
365.00
503.00
482.00
393.00
66.00
5.00
-144.00
-203.00
-86.00
55.00
59.00
74.00
149.00
201.00
999999
-53.00
-84.00
-84.00
-12.00
309.00
462.00
713.00
471.00
109.00
-208.00
-308.00
-407.00
-399.00
-252.00
-105.00
-56.00
-21.00
36.00
-31.00
52.00
84.00
38.00
29.00
30.00
31.00
72.00
34.00
24.00
-56.00
-71.00
-68.00
-63.00
-57.00
-50.00
-22.00
-16.00
-30.00
-81.00
-106.00
-258.00
-446.00
-526.00
-238.00
206.00
448.00
431.00
220.00
122.00
59.00
27.00
-44.00
-51.00
-109.00
-97.00
-113.00
26.00
34.00
17.00
-48.00
-12.00
8.00
4.00
-11.00
12.00
8.00
52.00
999999
60.00
60.00
60.00
199.00
321.00
456.00
334.00
157.00
-49.00
-171.00
-269.00
-254.00
-285.00
-186.00
-128.00
-113.00
-70.00
-56.00
-57.00
-26.00
13.00
-18.00
-99.00
-40.00
-29.00
162.00
64.00
-10.00
-26.00
-125.00
-107.00
-64.00
-33.00
-44.00
1.00
-120.00
-143.00
-349.00
-522.00
-267.00
115.00
436.00
372.00
256.00
203.00
76.00
65.00
98.00
-7.00
-25.00
-28.00
-101.00
-23.00
-58.00
-29.00
-12.00
-56.00
69.00
-38.00
-56.00
4.00
21.00
-25.00
21.00
51.00
999999
241.00
172.00
172.00
226.00
345.00
282.00
270.00
484.00
365.00
200.00
179.00
161.00
186.00
191.00
177.00
205.00
192.00
197.00
185.00
133.00
63.00
-64.00
-122.00
-165.00
-55.00
128.00
319.00
526.00
476.00
590.00
634.00
515.00
463.00
346.00
366.00
299.00
296.00
159.00
117.00
53.00
120.00
240.00
188.00
271.00
291.00
288.00
336.00
429.00
501.00
678.00
839.00
786.00
408.00
18.00
-289.00
-302.00
-144.00
-84.00
41.00
169.00
226.00
999999
276.00
276.00
276.00
238.00
182.00
93.00
58.00
271.00
302.00
295.00
280.00
229.00
267.00
269.00
267.00
260.00
242.00
241.00
231.00
239.00
204.00
172.00
65.00
5.00
-92.00
-135.00
21.00
176.00
278.00
430.00
583.00
497.00
505.00
456.00
418.00
299.00
290.00
285.00
293.00
294.00
300.00
323.00
379.00
349.00
277.00
202.00
153.00
182.00
166.00
205.00
221.00
229.00
236.00
282.00
304.00
363.00
435.00
507.00
546.00
556.00
500.00
444.00
285.00
88.00
-126.00
-80.00
-46.00
1.00
63.00
125.00
139.00
152.00
208.00
999999
245.00
314.00
314.00
218.00
280.00
247.00
336.00
537.00
300.00
124.00
140.00
144.00
165.00
170.00
209.00
242.00
201.00
239.00
228.00
194.00
175.00
128.00
53.00
-54.00
-188.00
-245.00
-139.00
136.00
572.00
788.00
685.00
514.00
460.00
393.00
348.00
321.00
287.00
198.00
252.00
231.00
163.00
235.00
268.00
417.00
398.00
329.00
165.00
58.00
208.00
178.00
216.00
250.00
166.00
229.00
314.00
323.00
498.00
613.00
774.00
833.00
700.00
401.00
20.00
-288.00
-399.00
-175.00
-62.00
116.00
187.00
193.00
201.00
999999
230.00
230.00
198.00
262.00
234.00
321.00
324.00
298.00
336.00
369.00
253.00
198.00
184.00
205.00
189.00
187.00
183.00
205.00
200.00
203.00
199.00
119.00
18.00
-72.00
-137.00
-168.00
46.00
555.00
678.00
588.00
518.00
436.00
360.00
310.00
224.00
242.00
265.00
268.00
256.00
240.00
246.00
262.00
191.00
239.00
244.00
335.00
387.00
309.00
125.00
97.00
102.00
190.00
217.00
261.00
317.00
336.00
440.00
515.00
648.00
711.00
765.00
673.00
401.00
6.00
-251.00
-300.00
-130.00
-87.00
69.00
138.00
175.00
212.00
999999
1.00
-3.00
-3.00
69.00
247.00
400.00
592.00
537.00
161.00
-129.00
-257.00
-448.00
-432.00
-292.00
-112.00
-82.00
-16.00
-10.00
-15.00
21.00
14.00
23.00
43.00
-21.00
-31.00
123.00
39.00
2.00
14.00
-48.00
-93.00
-34.00
-71.00
-32.00
-41.00
-74.00
-76.00
-184.00
-303.00
-414.00
-369.00
-167.00
83.00
308.00
235.00
237.00
188.00
165.00
69.00
47.00
-11.00
1.00
-18.00
-114.00
-82.00
-158.00
-15.00
1.00
27.00
52.00
22.00
-46.00
10.00
-53.00
65.00
13.00
22.00
999999
215.00
193.00
193.00
177.00
175.00
374.00
378.00
318.00
263.00
237.00
183.00
185.00
217.00
214.00
236.00
227.00
218.00
188.00
107.00
30.00
-33.00
-154.00
-211.00
-73.00
201.00
476.00
601.00
640.00
566.00
488.00
407.00
313.00
316.00
289.00
284.00
199.00
214.00
229.00
290.00
384.00
480.00
348.00
174.00
37.00
140.00
186.00
209.00
295.00
398.00
321.00
415.00
529.00
581.00
702.00
756.00
621.00
354.00
67.00
-199.00
-249.00
-184.00
-112.00
-4.00
144.00
999999
223.00
223.00
179.00
183.00
217.00
104.00
101.00
203.00
244.00
259.00
293.00
271.00
308.00
295.00
236.00
249.00
253.00
230.00
238.00
212.00
197.00
175.00
152.00
113.00
0.00
-86.00
-156.00
-121.00
98.00
411.00
714.00
568.00
479.00
474.00
350.00
372.00
335.00
329.00
251.00
243.00
214.00
241.00
278.00
240.00
213.00
172.00
183.00
247.00
256.00
337.00
275.00
280.00
304.00
302.00
338.00
510.00
645.00
745.00
773.00
657.00
261.00
-38.00
-210.00
-239.00
-223.00
-103.00
85.00
141.00
207.00
258.00
999999
216.00
216.00
178.00
211.00
209.00
249.00
373.00
423.00
437.00
397.00
313.00
194.00
127.00
64.00
-21.00
-25.00
76.00
126.00
150.00
172.00
157.00
136.00
97.00
-9.00
-106.00
-142.00
-150.00
-36.00
232.00
482.00
581.00
527.00
500.00
415.00
394.00
303.00
251.00
240.00
175.00
71.00
101.00
109.00
68.00
183.00
314.00
273.00
355.00
340.00
357.00
382.00
371.00
343.00
435.00
489.00
596.00
682.00
578.00
367.00
73.00
-145.00
-223.00
-314.00
-82.00
-45.00
47.00
148.00
207.00
999999
265.00
265.00
265.00
212.00
237.00
197.00
304.00
393.00
311.00
259.00
220.00
199.00
209.00
212.00
217.00
217.00
233.00
195.00
161.00
150.00
97.00
-24.00
-65.00
-145.00
-194.00
96.00
228.00
608.00
773.00
651.00
515.00
467.00
430.00
342.00
286.00
244.00
192.00
132.00
117.00
94.00
151.00
326.00
327.00
368.00
322.00
305.00
293.00
319.00
329.00
326.00
374.00
420.00
493.00
579.00
651.00
654.00
581.00
351.00
133.00
-117.00
-263.00
-232.00
-175.00
-68.00
6.00
126.00
159.00
999999
180.00
180.00
157.00
174.00
229.00
286.00
315.00
294.00
307.00
294.00
152.00
165.00
242.00
294.00
264.00
205.00
206.00
248.00
217.00
205.00
152.00
67.00
-73.00
-172.00
-179.00
-106.00
201.00
545.00
668.00
669.00
535.00
471.00
381.00
319.00
260.00
223.00
251.00
246.00
252.00
259.00
300.00
317.00
268.00
206.00
175.00
138.00
192.00
233.00
264.00
333.00
406.00
439.00
519.00
637.00
704.00
692.00
475.00
239.00
-75.00
-133.00
-140.00
-126.00
-65.00
111.00
201.00
999999
238.00
238.00
238.00
149.00
33.00
49.00
127.00
208.00
327.00
367.00
307.00
306.00
327.00
325.00
273.00
230.00
212.00
204.00
187.00
134.00
120.00
43.00
-5.00
-98.00
-149.00
-97.00
97.00
250.00
470.00
679.00
625.00
564.00
542.00
464.00
366.00
331.00
286.00
251.00
274.00
279.00
221.00
156.00
173.00
226.00
240.00
220.00
270.00
299.00
296.00
362.00
444.00
503.00
611.00
715.00
714.00
528.00
186.00
-126.00
-130.00
-227.00
-111.00
86.00
174.00
999999
263.00
263.00
263.00
259.00
188.00
262.00
327.00
416.00
371.00
272.00
219.00
193.00
201.00
183.00
198.00
166.00
191.00
187.00
182.00
199.00
193.00
156.00
64.00
42.00
-6.00
2.00
4.00
-12.00
127.00
323.00
690.00
711.00
579.00
507.00
401.00
333.00
240.00
207.00
182.00
159.00
158.00
184.00
206.00
263.00
266.00
258.00
358.00
323.00
318.00
336.00
286.00
250.00
284.00
254.00
253.00
241.00
240.00
246.00
292.00
370.00
482.00
623.00
671.00
702.00
560.00
319.00
87.00
-234.00
-309.00
-233.00
-132.00
50.00
222.00
282.00
319.00
999999
302.00
302.00
302.00
213.00
301.00
386.00
345.00
339.00
245.00
225.00
168.00
214.00
203.00
184.00
190.00
225.00
251.00
244.00
234.00
254.00
211.00
250.00
249.00
237.00
234.00
231.00
174.00
139.00
34.00
-12.00
-9.00
53.00
169.00
286.00
399.00
542.00
484.00
403.00
462.00
356.00
364.00
289.00
270.00
263.00
229.00
229.00
201.00
201.00
220.00
197.00
274.00
282.00
275.00
243.00
255.00
260.00
220.00
247.00
263.00
244.00
273.00
266.00
236.00
254.00
254.00
249.00
261.00
247.00
307.00
347.00
419.00
476.00
530.00
502.00
464.00
370.00
145.00
27.00
-15.00
-37.00
-100.00
33.00
196.00
199.00
999999
227.00
227.00
219.00
239.00
166.00
336.00
290.00
311.00
420.00
386.00
199.00
125.00
194.00
182.00
161.00
179.00
224.00
211.00
231.00
254.00
268.00
259.00
257.00
242.00
207.00
196.00
155.00
144.00
5.00
-28.00
-98.00
-136.00
138.00
327.00
644.00
676.00
573.00
448.00
414.00
363.00
334.00
271.00
260.00
244.00
237.00
282.00
270.00
341.00
298.00
199.00
154.00
126.00
179.00
255.00
292.00
284.00
301.00
297.00
271.00
347.00
387.00
539.00
659.00
645.00
546.00
332.00
49.00
-129.00
-136.00
-102.00
-15.00
127.00
163.00
196.00
999999
1.00
-17.00
-17.00
-13.00
216.00
353.00
448.00
411.00
278.00
81.00
-146.00
-265.00
-321.00
-259.00
-188.00
-131.00
-43.00
-2.00
7.00
14.00
5.00
-7.00
-24.00
-47.00
-11.00
7.00
37.00
24.00
57.00
-21.00
9.00
8.00
-52.00
-42.00
-24.00
-23.00
-44.00
-3.00
-22.00
-28.00
-41.00
-296.00
-380.00
-467.00
-196.00
170.00
360.00
428.00
271.00
193.00
198.00
86.00
7.00
41.00
-29.00
-32.00
-59.00
-15.00
-77.00
11.00
-56.00
0.00
71.00
1.00
-62.00
63.00
999999
264.00
264.00
148.00
137.00
198.00
263.00
393.00
461.00
329.00
331.00
241.00
152.00
197.00
170.00
212.00
177.00
216.00
242.00
239.00
260.00
256.00
220.00
184.00
161.00
81.00
49.00
-29.00
-61.00
43.00
177.00
365.00
492.00
607.00
510.00
483.00
438.00
383.00
324.00
265.00
230.00
210.00
138.00
202.00
165.00
245.00
276.00
295.00
279.00
258.00
273.00
223.00
270.00
243.00
240.00
245.00
264.00
335.00
377.00
407.00
435.00
485.00
513.00
467.00
409.00
323.00
201.00
110.00
3.00
-103.00
-67.00
46.00
86.00
999999
174.00
174.00
174.00
207.00
306.00
357.00
444.00
468.00
435.00
231.00
94.00
-13.00
-55.00
-97.00
-80.00
20.00
104.00
144.00
162.00
183.00
209.00
190.00
182.00
166.00
53.00
-15.00
-109.00
-132.00
13.00
236.00
377.00
338.00
399.00
324.00
283.00
261.00
218.00
177.00
176.00
136.00
129.00
132.00
96.00
62.00
-56.00
-198.00
-258.00
-33.00
347.00
407.00
407.00
368.00
380.00
320.00
239.00
224.00
206.00
208.00
234.00
304.00
389.00
428.00
442.00
345.00
199.00
-82.00
-80.00
-147.00
-50.00
36.00
177.00
177.00
189.00
999999
245.00
222.00
222.00
256.00
264.00
353.00
478.00
458.00
397.00
353.00
232.00
200.00
174.00
191.00
163.00
170.00
152.00
159.00
223.00
218.00
200.00
195.00
186.00
148.00
99.00
117.00
-23.00
12.00
4.00
169.00
448.00
605.00
601.00
542.00
482.00
357.00
297.00
309.00
242.00
303.00
208.00
196.00
154.00
163.00
233.00
242.00
246.00
254.00
280.00
326.00
340.00
317.00
305.00
366.00
531.00
599.00
792.00
745.00
211.00
-280.00
-232.00
-192.00
29.00
159.00
273.00
325.00
224.00
999999
234.00
234.00
234.00
244.00
281.00
238.00
215.00
308.00
397.00
318.00
194.00
192.00
228.00
222.00
216.00
204.00
230.00
195.00
207.00
220.00
205.00
220.00
219.00
227.00
197.00
144.00
55.00
-99.00
-100.00
-29.00
218.00
418.00
694.00
586.00
473.00
436.00
351.00
267.00
277.00
248.00
252.00
198.00
215.00
188.00
184.00
29.00
179.00
447.00
325.00
255.00
303.00
289.00
255.00
268.00
257.00
260.00
474.00
797.00
870.00
460.00
83.00
-202.00
-179.00
-134.00
17.00
164.00
232.00
207.00
190.00
228.00
269.00
273.00
268.00
246.00
226.00
216.00
214.00
999999
214.00
190.00
190.00
263.00
258.00
289.00
284.00
396.00
428.00
320.00
147.00
136.00
211.00
226.00
204.00
227.00
254.00
218.00
213.00
194.00
153.00
127.00
47.00
-31.00
-67.00
-141.00
-62.00
204.00
369.00
612.00
637.00
599.00
517.00
465.00
401.00
348.00
337.00
282.00
265.00
239.00
157.00
97.00
114.00
243.00
297.00
320.00
370.00
404.00
589.00
707.00
737.00
688.00
362.00
-118.00
-142.00
-185.00
-202.00
68.00
212.00
201.00
215.00
234.00
227.00
999999
252.00
252.00
212.00
273.00
232.00
363.00
489.00
429.00
210.00
175.00
179.00
191.00
183.00
182.00
193.00
194.00
207.00
202.00
191.00
138.00
99.00
13.00
-131.00
-137.00
-31.00
165.00
379.00
573.00
675.00
566.00
481.00
414.00
399.00
361.00
327.00
282.00
290.00
269.00
265.00
270.00
219.00
120.00
178.00
280.00
241.00
316.00
381.00
434.00
563.00
623.00
641.00
591.00
319.00
101.00
-101.00
-245.00
-237.00
-120.00
54.00
180.00
260.00
262.00
999999
267.00
267.00
267.00
225.00
245.00
219.00
240.00
369.00
406.00
336.00
240.00
221.00
217.00
240.00
226.00
217.00
204.00
217.00
196.00
194.00
163.00
162.00
91.00
-11.00
-62.00
-108.00
-96.00
63.00
364.00
694.00
716.00
703.00
511.00
430.00
310.00
271.00
222.00
212.00
196.00
206.00
213.00
229.00
177.00
193.00
197.00
221.00
360.00
412.00
453.00
445.00
525.00
617.00
691.00
660.00
352.00
114.00
-141.00
-256.00
-185.00
-116.00
8.00
144.00
250.00
250.00
252.00
231.00
999999
312.00
312.00
312.00
184.00
281.00
318.00
230.00
238.00
361.00
328.00
163.00
220.00
233.00
255.00
241.00
253.00
277.00
256.00
249.00
219.00
196.00
197.00
184.00
176.00
129.00
-7.00
-68.00
-70.00
-29.00
111.00
357.00
477.00
561.00
520.00
471.00
429.00
392.00
342.00
347.00
352.00
307.00
290.00
249.00
180.00
225.00
181.00
104.00
276.00
319.00
331.00
284.00
249.00
230.00
212.00
257.00
293.00
278.00
323.00
324.00
464.00
657.00
831.00
646.00
350.00
-27.00
-258.00
-273.00
-225.00
-80.00
110.00
211.00
264.00
999999
249.00
249.00
239.00
250.00
219.00
269.00
251.00
287.00
370.00
372.00
319.00
186.00
168.00
193.00
199.00
243.00
227.00
228.00
233.00
221.00
193.00
195.00
193.00
176.00
91.00
-57.00
-148.00
-94.00
22.00
214.00
518.00
596.00
572.00
465.00
453.00
398.00
346.00
307.00
299.00
308.00
295.00
267.00
262.00
232.00
276.00
177.00
127.00
150.00
245.00
298.00
281.00
220.00
212.00
288.00
265.00
206.00
210.00
245.00
251.00
288.00
382.00
380.00
459.00
536.00
557.00
611.00
578.00
506.00
190.00
-22.00
-219.00
-213.00
-128.00
67.00
173.00
183.00
999999
102.00
75.00
75.00
151.00
295.00
382.00
507.00
517.00
556.00
289.00
51.00
-153.00
-206.00
-203.00
-137.00
-14.00
36.00
58.00
50.00
97.00
89.00
98.00
109.00
31.00
-37.00
-41.00
-24.00
44.00
131.00
231.00
327.00
337.00
317.00
291.00
235.00
237.00
235.00
188.00
137.00
100.00
18.00
-96.00
-223.00
-229.00
-49.00
258.00
350.00
346.00
350.00
331.00
266.00
214.00
215.00
254.00
281.00
278.00
171.00
59.00
22.00
-133.00
-120.00
42.00
999999
248.00
186.00
186.00
227.00
217.00
244.00
241.00
298.00
378.00
354.00
289.00
208.00
185.00
229.00
225.00
202.00
227.00
222.00
208.00
216.00
187.00
123.00
87.00
54.00
-39.00
-20.00
-24.00
77.00
201.00
310.00
404.00
505.00
490.00
496.00
499.00
441.00
401.00
353.00
333.00
283.00
230.00
215.00
137.00
176.00
129.00
195.00
265.00
341.00
365.00
279.00
261.00
259.00
353.00
381.00
460.00
488.00
542.00
519.00
442.00
218.00
69.00
-20.00
29.00
17.00
27.00
61.00
130.00
999999
286.00
345.00
345.00
265.00
300.00
251.00
206.00
244.00
344.00
289.00
229.00
219.00
191.00
207.00
221.00
224.00
210.00
242.00
256.00
227.00
219.00
159.00
132.00
76.00
5.00
-57.00
-76.00
-13.00
137.00
318.00
530.00
531.00
452.00
405.00
410.00
386.00
374.00
332.00
318.00
254.00
222.00
211.00
223.00
180.00
164.00
155.00
261.00
331.00
338.00
332.00
324.00
363.00
415.00
447.00
485.00
517.00
510.00
405.00
172.00
-48.00
-121.00
-88.00
-54.00
81.00
172.00
999999
152.00
137.00
137.00
228.00
344.00
421.00
449.00
490.00
382.00
224.00
78.00
4.00
-45.00
-74.00
-51.00
3.00
38.00
76.00
100.00
126.00
106.00
119.00
122.00
99.00
97.00
13.00
-58.00
-100.00
-20.00
93.00
230.00
313.00
353.00
350.00
288.00
271.00
221.00
177.00
166.00
133.00
118.00
96.00
14.00
-98.00
-227.00
-240.00
-62.00
126.00
325.00
334.00
331.00
286.00
258.00
264.00
272.00
222.00
231.00
215.00
215.00
186.00
178.00
27.00
-95.00
-69.00
-37.00
-37.00
33.00
132.00
999999
245.00
241.00
241.00
308.00
309.00
416.00
461.00
464.00
380.00
240.00
99.00
57.00
48.00
39.00
71.00
110.00
157.00
152.00
191.00
155.00
125.00
71.00
40.00
-32.00
-79.00
-92.00
75.00
189.00
379.00
507.00
559.00
478.00
484.00
415.00
362.00
327.00
298.00
281.00
231.00
191.00
155.00
89.00
71.00
34.00
40.00
143.00
305.00
417.00
395.00
398.00
386.00
453.00
448.00
634.00
691.00
580.00
387.00
-27.00
-188.00
-207.00
-153.00
3.00
83.00
165.00
999999
233.00
275.00
275.00
357.00
432.00
361.00
321.00
304.00
260.00
145.00
83.00
119.00
119.00
82.00
121.00
127.00
134.00
135.00
148.00
145.00
156.00
139.00
119.00
44.00
-3.00
-71.00
-73.00
9.00
138.00
229.00
315.00
436.00
446.00
339.00
338.00
311.00
243.00
226.00
251.00
238.00
198.00
170.00
162.00
49.00
-84.00
-32.00
-41.00
27.00
242.00
390.00
384.00
351.00
273.00
242.00
212.00
199.00
187.00
228.00
187.00
248.00
317.00
330.00
362.00
367.00
359.00
341.00
270.00
116.00
-179.00
-198.00
-158.00
-85.00
105.00
999999
255.00
255.00
255.00
239.00
197.00
244.00
262.00
400.00
492.00
394.00
238.00
161.00
159.00
164.00
194.00
181.00
154.00
211.00
200.00
200.00
206.00
207.00
186.00
138.00
49.00
-49.00
-147.00
-187.00
37.00
260.00
465.00
518.00
531.00
504.00
457.00
397.00
368.00
361.00
303.00
304.00
277.00
240.00
251.00
190.00
131.00
108.00
177.00
142.00
80.00
147.00
269.00
374.00
401.00
349.00
344.00
384.00
387.00
339.00
419.00
542.00
595.00
587.00
284.00
32.00
-106.00
-163.00
-160.00
-72.00
82.00
216.00
255.00
999999
267.00
253.00
253.00
248.00
236.00
231.00
344.00
428.00
360.00
274.00
203.00
201.00
203.00
194.00
188.00
197.00
191.00
215.00
231.00
202.00
184.00
163.00
117.00
35.00
-85.00
-133.00
-175.00
-58.00
151.00
388.00
679.00
658.00
518.00
427.00
436.00
390.00
365.00
373.00
309.00
211.00
184.00
102.00
104.00
57.00
93.00
272.00
437.00
420.00
353.00
307.00
347.00
349.00
356.00
494.00
687.00
718.00
488.00
103.00
-264.00
-275.00
-198.00
-41.00
999999
197.00
197.00
172.00
219.00
243.00
325.00
349.00
327.00
257.00
231.00
254.00
249.00
242.00
234.00
221.00
223.00
237.00
188.00
210.00
204.00
163.00
132.00
51.00
-67.00
-117.00
-163.00
-106.00
229.00
592.00
718.00
711.00
586.00
473.00
407.00
348.00
336.00
302.00
268.00
265.00
245.00
191.00
172.00
135.00
123.00
134.00
235.00
378.00
362.00
351.00
312.00
328.00
406.00
452.00
569.00
775.00
582.00
297.00
-14.00
-168.00
-155.00
-173.00
19.00
100.00
188.00
999999
226.00
226.00
216.00
223.00
228.00
271.00
320.00
402.00
382.00
334.00
279.00
192.00
193.00
222.00
194.00
194.00
209.00
187.00
203.00
211.00
191.00
169.00
128.00
51.00
-79.00
-116.00
-67.00
110.00
321.00
555.00
581.00
465.00
416.00
377.00
333.00
311.00
325.00
305.00
300.00
242.00
254.00
186.00
140.00
178.00
175.00
304.00
339.00
229.00
220.00
290.00
313.00
362.00
396.00
493.00
596.00
692.00
574.00
407.00
132.00
-18.00
-119.00
-97.00
-67.00
13.00
114.00
177.00
197.00
999999
230.00
232.00
232.00
230.00
238.00
240.00
165.00
347.00
387.00
306.00
267.00
255.00
272.00
256.00
256.00
214.00
226.00
214.00
202.00
211.00
222.00
213.00
217.00
197.00
189.00
188.00
88.00
25.00
-24.00
-97.00
7.00
192.00
344.00
502.00
588.00
621.00
533.00
435.00
373.00
336.00
323.00
321.00
277.00
226.00
200.00
152.00
200.00
192.00
172.00
215.00
285.00
317.00
317.00
300.00
273.00
312.00
329.00
407.00
522.00
674.00
657.00
489.00
247.00
-1.00
-74.00
-132.00
-196.00
-59.00
83.00
176.00
225.00
267.00
999999
234.00
234.00
234.00
193.00
256.00
265.00
306.00
323.00
314.00
349.00
293.00
238.00
188.00
164.00
193.00
215.00
231.00
209.00
212.00
254.00
248.00
245.00
229.00
212.00
137.00
62.00
-38.00
-104.00
-62.00
56.00
181.00
392.00
445.00
458.00
483.00
447.00
449.00
405.00
397.00
377.00
367.00
311.00
315.00
274.00
177.00
205.00
214.00
197.00
165.00
145.00
166.00
244.00
270.00
292.00
292.00
270.00
278.00
296.00
328.00
341.00
366.00
394.00
447.00
523.00
479.00
406.00
384.00
356.00
248.00
7.00
-71.00
-137.00
-80.00
1.00
46.00
999999
268.00
268.00
213.00
245.00
217.00
179.00
130.00
132.00
258.00
300.00
256.00
232.00
265.00
272.00
281.00
266.00
266.00
255.00
244.00
239.00
208.00
203.00
224.00
174.00
127.00
106.00
42.00
-17.00
-37.00
16.00
125.00
281.00
399.00
548.00
585.00
494.00
429.00
395.00
380.00
390.00
350.00
340.00
276.00
280.00
257.00
183.00
187.00
189.00
161.00
198.00
313.00
311.00
317.00
298.00
288.00
305.00
312.00
318.00
379.00
411.00
447.00
482.00
447.00
374.00
220.00
110.00
79.00
-43.00
-117.00
-29.00
999999
247.00
247.00
226.00
214.00
190.00
169.00
205.00
227.00
326.00
296.00
272.00
212.00
247.00
284.00
280.00
242.00
243.00
236.00
216.00
229.00
205.00
193.00
159.00
101.00
-18.00
-93.00
-105.00
43.00
175.00
307.00
462.00
454.00
454.00
463.00
475.00
443.00
406.00
362.00
359.00
286.00
258.00
255.00
205.00
160.00
110.00
178.00
333.00
386.00
333.00
289.00
320.00
350.00
337.00
389.00
433.00
539.00
600.00
497.00
334.00
3.00
-241.00
-172.00
-101.00
29.00
999999
182.00
155.00
155.00
156.00
70.00
52.00
172.00
235.00
262.00
260.00
302.00
300.00
312.00
310.00
285.00
256.00
222.00
222.00
210.00
195.00
204.00
194.00
171.00
132.00
99.00
21.00
-7.00
-44.00
14.00
78.00
223.00
332.00
469.00
568.00
564.00
507.00
448.00
396.00
355.00
338.00
294.00
285.00
240.00
237.00
217.00
238.00
236.00
204.00
209.00
260.00
234.00
259.00
226.00
219.00
222.00
305.00
332.00
387.00
369.00
431.00
493.00
553.00
552.00
492.00
355.00
185.00
-112.00
-127.00
-148.00
-125.00
64.00
134.00
217.00
253.00
999999
245.00
245.00
232.00
251.00
253.00
302.00
265.00
265.00
282.00
345.00
271.00
241.00
253.00
294.00
246.00
209.00
192.00
157.00
162.00
209.00
223.00
224.00
207.00
138.00
47.00
-53.00
-114.00
-79.00
58.00
354.00
657.00
692.00
603.00
508.00
402.00
332.00
313.00
297.00
276.00
253.00
246.00
209.00
226.00
210.00
173.00
111.00
185.00
306.00
340.00
332.00
347.00
375.00
512.00
632.00
752.00
687.00
405.00
-16.00
-225.00
-255.00
-192.00
-35.00
221.00
999999
237.00
237.00
208.00
125.00
213.00
287.00
279.00
271.00
258.00
257.00
186.00
172.00
224.00
233.00
247.00
251.00
281.00
268.00
237.00
180.00
166.00
114.00
71.00
36.00
8.00
-39.00
-57.00
79.00
180.00
374.00
574.00
656.00
609.00
512.00
416.00
353.00
334.00
287.00
268.00
201.00
251.00
164.00
118.00
85.00
169.00
233.00
338.00
343.00
358.00
346.00
393.00
435.00
494.00
531.00
525.00
522.00
418.00
260.00
3.00
-179.00
-108.00
-49.00
34.00
999999
209.00
209.00
200.00
232.00
249.00
290.00
300.00
393.00
378.00
280.00
181.00
156.00
190.00
207.00
193.00
224.00
254.00
250.00
235.00
257.00
228.00
195.00
195.00
113.00
19.00
-94.00
-131.00
-74.00
102.00
300.00
461.00
506.00
501.00
491.00
445.00
450.00
405.00
348.00
308.00
293.00
211.00
144.00
198.00
211.00
171.00
223.00
291.00
328.00
324.00
259.00
310.00
353.00
376.00
381.00
464.00
579.00
631.00
584.00
450.00
90.00
-223.00
-217.00
-143.00
-63.00
38.00
152.00
264.00
999999
214.00
190.00
190.00
257.00
291.00
228.00
227.00
300.00
349.00
269.00
181.00
178.00
199.00
230.00
221.00
247.00
266.00
256.00
263.00
201.00
148.00
28.00
-81.00
-135.00
-167.00
-76.00
119.00
373.00
512.00
618.00
535.00
563.00
523.00
435.00
384.00
338.00
239.00
160.00
112.00
112.00
126.00
157.00
269.00
373.00
323.00
237.00
242.00
325.00
343.00
366.00
386.00
472.00
563.00
584.00
562.00
398.00
15.00
-95.00
-125.00
-90.00
-83.00
999999
252.00
252.00
252.00
300.00
306.00
337.00
390.00
430.00
387.00
255.00
215.00
133.00
99.00
69.00
33.00
67.00
94.00
123.00
165.00
165.00
137.00
161.00
52.00
5.00
-45.00
-91.00
-12.00
83.00
185.00
290.00
416.00
523.00
441.00
393.00
376.00
293.00
274.00
215.00
175.00
90.00
-1.00
-114.00
-153.00
-63.00
192.00
321.00
406.00
354.00
368.00
373.00
393.00
325.00
350.00
350.00
376.00
413.00
436.00
358.00
170.00
-64.00
-93.00
-108.00
-19.00
61.00
139.00
143.00
999999
263.00
263.00
232.00
257.00
236.00
221.00
280.00
295.00
301.00
264.00
212.00
214.00
256.00
241.00
240.00
264.00
220.00
252.00
207.00
192.00
158.00
82.00
-56.00
-84.00
-107.00
60.00
286.00
446.00
460.00
511.00
521.00
476.00
486.00
421.00
352.00
276.00
241.00
138.00
46.00
31.00
149.00
341.00
381.00
341.00
284.00
280.00
318.00
362.00
395.00
412.00
418.00
469.00
481.00
468.00
383.00
99.00
-61.00
-173.00
-124.00
3.00
71.00
156.00
271.00
999999
235.00
235.00
242.00
256.00
214.00
272.00
244.00
270.00
314.00
262.00
186.00
231.00
238.00
243.00
235.00
243.00
250.00
253.00
187.00
186.00
123.00
99.00
11.00
-64.00
-98.00
-36.00
77.00
295.00
537.00
565.00
497.00
513.00
474.00
436.00
329.00
287.00
255.00
280.00
200.00
189.00
228.00
164.00
186.00
197.00
311.00
322.00
300.00
330.00
368.00
390.00
481.00
460.00
515.00
604.00
409.00
171.00
-8.00
-128.00
-167.00
-38.00
102.00
195.00
999999
250.00
250.00
250.00
214.00
222.00
293.00
284.00
306.00
220.00
207.00
172.00
206.00
229.00
226.00
235.00
262.00
233.00
255.00
234.00
215.00
182.00
133.00
15.00
-101.00
-138.00
-73.00
56.00
284.00
447.00
517.00
516.00
524.00
515.00
477.00
414.00
367.00
296.00
250.00
222.00
176.00
196.00
172.00
159.00
205.00
273.00
264.00
297.00
338.00
385.00
442.00
446.00
483.00
499.00
516.00
521.00
420.00
213.00
-21.00
-130.00
-189.00
-135.00
41.00
168.00
277.00
999999
278.00
278.00
256.00
251.00
231.00
225.00
282.00
334.00
308.00
257.00
205.00
224.00
219.00
251.00
234.00
230.00
287.00
245.00
267.00
255.00
223.00
209.00
164.00
133.00
38.00
-9.00
-125.00
-153.00
-71.00
158.00
535.00
683.00
564.00
574.00
472.00
382.00
358.00
313.00
241.00
240.00
196.00
206.00
238.00
268.00
305.00
370.00
256.00
192.00
38.00
56.00
201.00
237.00
247.00
289.00
330.00
367.00
383.00
404.00
446.00
475.00
525.00
686.00
615.00
424.00
67.00
-221.00
-268.00
-181.00
-88.00
58.00
186.00
999999
255.00
255.00
275.00
301.00
191.00
218.00
344.00
422.00
364.00
295.00
194.00
193.00
213.00
246.00
278.00
259.00
259.00
245.00
252.00
253.00
243.00
225.00
200.00
164.00
146.00
87.00
-34.00
-107.00
-165.00
-70.00
133.00
466.00
704.00
585.00
530.00
496.00
377.00
344.00
322.00
296.00
248.00
242.00
257.00
243.00
102.00
151.00
160.00
215.00
317.00
327.00
303.00
312.00
409.00
327.00
332.00
451.00
505.00
651.00
717.00
479.00
196.00
-54.00
-203.00
-261.00
-122.00
51.00
206.00
280.00
999999
189.00
189.00
165.00
217.00
265.00
356.00
387.00
360.00
341.00
231.00
117.00
77.00
124.00
145.00
164.00
208.00
228.00
187.00
209.00
214.00
192.00
183.00
121.00
65.00
3.00
-114.00
-152.00
-81.00
21.00
227.00
558.00
651.00
538.00
536.00
429.00
375.00
338.00
242.00
209.00
158.00
104.00
-35.00
-41.00
-77.00
154.00
335.00
397.00
373.00
331.00
314.00
336.00
282.00
263.00
261.00
283.00
310.00
295.00
358.00
422.00
485.00
434.00
272.00
128.00
-84.00
-180.00
-89.00
47.00
89.00
71.00
999999
284.00
341.00
341.00
230.00
224.00
321.00
451.00
341.00
228.00
157.00
186.00
201.00
261.00
247.00
231.00
246.00
253.00
247.00
219.00
179.00
158.00
162.00
109.00
44.00
-118.00
-121.00
39.00
246.00
474.00
482.00
575.00
519.00
399.00
333.00
277.00
316.00
264.00
262.00
254.00
268.00
275.00
240.00
260.00
267.00
272.00
251.00
225.00
178.00
199.00
268.00
290.00
294.00
320.00
339.00
412.00
504.00
544.00
609.00
462.00
167.00
-114.00
-198.00
-52.00
2.00
83.00
222.00
999999
237.00
226.00
226.00
262.00
329.00
323.00
357.00
351.00
278.00
175.00
101.00
40.00
45.00
20.00
-2.00
33.00
81.00
111.00
129.00
148.00
105.00
2.00
-71.00
-106.00
4.00
38.00
185.00
412.00
535.00
551.00
440.00
351.00
263.00
235.00
236.00
194.00
146.00
133.00
93.00
42.00
-39.00
-61.00
-31.00
142.00
272.00
304.00
297.00
334.00
313.00
280.00
320.00
355.00
338.00
352.00
348.00
313.00
156.00
58.00
-4.00
-40.00
-51.00
-58.00
999999
272.00
234.00
234.00
235.00
302.00
285.00
310.00
387.00
419.00
364.00
240.00
191.00
115.00
151.00
107.00
150.00
178.00
203.00
211.00
199.00
242.00
221.00
198.00
182.00
188.00
158.00
61.00
-21.00
-68.00
-29.00
50.00
182.00
360.00
473.00
555.00
585.00
477.00
404.00
320.00
258.00
225.00
195.00
196.00
108.00
145.00
55.00
78.00
201.00
262.00
372.00
384.00
357.00
277.00
283.00
259.00
261.00
349.00
350.00
473.00
697.00
660.00
334.00
19.00
-134.00
-165.00
-47.00
77.00
131.00
245.00
264.00
239.00
999999
251.00
251.00
251.00
213.00
247.00
254.00
293.00
344.00
357.00
254.00
192.00
164.00
194.00
211.00
219.00
236.00
263.00
255.00
266.00
287.00
270.00
243.00
124.00
-53.00
-96.00
-129.00
-131.00
21.00
178.00
401.00
602.00
642.00
560.00
503.00
386.00
357.00
323.00
321.00
304.00
245.00
222.00
146.00
58.00
83.00
175.00
264.00
373.00
372.00
296.00
244.00
327.00
373.00
388.00
477.00
593.00
623.00
498.00
266.00
137.00
-64.00
-219.00
-122.00
24.00
109.00
121.00
999999
216.00
216.00
187.00
263.00
342.00
415.00
452.00
482.00
391.00
218.00
53.00
-74.00
-63.00
-43.00
-33.00
56.00
133.00
151.00
188.00
210.00
233.00
203.00
150.00
105.00
35.00
-71.00
-178.00
-128.00
65.00
242.00
540.00
529.00
406.00
320.00
217.00
161.00
172.00
165.00
163.00
222.00
197.00
203.00
226.00
203.00
173.00
136.00
-33.00
-123.00
-212.00
47.00
259.00
394.00
388.00
320.00
291.00
264.00
256.00
240.00
198.00
210.00
175.00
161.00
189.00
288.00
319.00
388.00
369.00
173.00
-69.00
-100.00
-69.00
-33.00
9.00
113.00
92.00
999999
229.00
205.00
205.00
209.00
259.00
277.00
341.00
428.00
437.00
396.00
275.00
147.00
68.00
44.00
26.00
55.00
51.00
80.00
126.00
206.00
236.00
210.00
194.00
157.00
79.00
-53.00
-113.00
-124.00
-40.00
168.00
376.00
388.00
471.00
397.00
290.00
255.00
236.00
251.00
243.00
230.00
207.00
199.00
125.00
74.00
-15.00
-32.00
-23.00
103.00
200.00
302.00
351.00
333.00
272.00
298.00
315.00
316.00
344.00
319.00
429.00
446.00
360.00
222.00
75.00
-80.00
-231.00
-102.00
45.00
83.00
137.00
999999
161.00
161.00
159.00
237.00
320.00
368.00
421.00
417.00
331.00
196.00
111.00
-9.00
-141.00
-168.00
-161.00
-89.00
-51.00
62.00
156.00
177.00
181.00
158.00
113.00
60.00
-48.00
-89.00
-100.00
-92.00
14.00
229.00
401.00
359.00
353.00
238.00
159.00
121.00
117.00
104.00
42.00
26.00
1.00
-140.00
-191.00
-169.00
-23.00
115.00
355.00
360.00
333.00
314.00
283.00
255.00
278.00
169.00
247.00
321.00
281.00
138.00
78.00
-102.00
-203.00
-50.00
59.00
117.00
999999
299.00
299.00
319.00
327.00
359.00
427.00
461.00
430.00
300.00
99.00
25.00
47.00
39.00
26.00
66.00
151.00
172.00
178.00
176.00
124.00
74.00
-68.00
-114.00
-167.00
-39.00
317.00
616.00
563.00
449.00
355.00
313.00
261.00
257.00
272.00
211.00
190.00
168.00
108.00
-66.00
-120.00
78.00
314.00
381.00
371.00
361.00
292.00
344.00
369.00
374.00
570.00
744.00
596.00
245.00
-109.00
-146.00
-279.00
-125.00
51.00
171.00
999999
186.00
186.00
155.00
231.00
262.00
370.00
397.00
435.00
443.00
329.00
191.00
62.00
29.00
43.00
35.00
63.00
43.00
115.00
155.00
159.00
192.00
173.00
109.00
5.00
-109.00
-201.00
-157.00
49.00
252.00
632.00
570.00
472.00
403.00
352.00
327.00
236.00
222.00
163.00
98.00
56.00
-52.00
-110.00
-142.00
-22.00
288.00
422.00
404.00
374.00
299.00
275.00
271.00
308.00
309.00
310.00
323.00
418.00
479.00
500.00
458.00
242.00
2.00
-193.00
-182.00
-102.00
-49.00
68.00
140.00
999999
195.00
195.00
195.00
285.00
365.00
355.00
356.00
385.00
317.00
232.00
167.00
134.00
112.00
112.00
81.00
97.00
116.00
154.00
179.00
209.00
209.00
209.00
196.00
134.00
92.00
-5.00
-42.00
-60.00
-30.00
123.00
241.00
335.00
347.00
365.00
301.00
292.00
263.00
237.00
259.00
268.00
220.00
198.00
170.00
136.00
104.00
94.00
102.00
78.00
95.00
113.00
137.00
162.00
230.00
275.00
315.00
305.00
263.00
278.00
249.00
241.00
256.00
259.00
262.00
277.00
283.00
306.00
350.00
345.00
361.00
336.00
236.00
62.00
-100.00
-76.00
-92.00
10.00
25.00
999999
191.00
169.00
169.00
207.00
365.00
415.00
388.00
354.00
276.00
243.00
178.00
39.00
3.00
-36.00
-15.00
2.00
30.00
62.00
105.00
130.00
143.00
158.00
126.00
103.00
39.00
20.00
-1.00
-26.00
-64.00
1.00
151.00
299.00
368.00
407.00
356.00
322.00
316.00
252.00
232.00
210.00
192.00
140.00
86.00
37.00
10.00
-28.00
-57.00
-5.00
99.00
193.00
314.00
306.00
306.00
307.00
316.00
258.00
270.00
244.00
288.00
292.00
318.00
313.00
277.00
187.00
-3.00
-35.00
-107.00
-67.00
61.00
81.00
999999
277.00
277.00
264.00
276.00
277.00
298.00
322.00
362.00
374.00
304.00
167.00
165.00
150.00
96.00
141.00
152.00
210.00
223.00
263.00
252.00
253.00
235.00
172.00
131.00
53.00
-19.00
-56.00
-99.00
-53.00
123.00
246.00
555.00
573.00
570.00
528.00
463.00
376.00
315.00
296.00
257.00
195.00
173.00
145.00
126.00
153.00
82.00
110.00
204.00
241.00
302.00
357.00
320.00
344.00
343.00
372.00
365.00
461.00
593.00
653.00
489.00
239.00
-49.00
-237.00
-196.00
-28.00
73.00
196.00
270.00
999999
183.00
183.00
136.00
211.00
309.00
289.00
362.00
396.00
392.00
276.00
229.00
180.00
131.00
173.00
130.00
148.00
209.00
222.00
270.00
273.00
269.00
250.00
202.00
149.00
84.00
-35.00
-107.00
-128.00
-81.00
50.00
275.00
442.00
513.00
552.00
497.00
431.00
375.00
317.00
272.00
272.00
209.00
220.00
135.00
221.00
89.00
101.00
180.00
224.00
289.00
315.00
311.00
317.00
367.00
373.00
411.00
465.00
504.00
498.00
462.00
307.00
161.00
-21.00
-26.00
-46.00
-2.00
102.00
999999
198.00
198.00
182.00
196.00
211.00
246.00
267.00
357.00
383.00
350.00
318.00
189.00
145.00
141.00
132.00
159.00
173.00
217.00
233.00
228.00
208.00
196.00
181.00
94.00
-18.00
-46.00
-124.00
-79.00
24.00
288.00
433.00
574.00
642.00
608.00
512.00
386.00
340.00
254.00
189.00
138.00
70.00
15.00
76.00
230.00
346.00
379.00
326.00
320.00
324.00
378.00
445.00
583.00
689.00
626.00
372.00
-53.00
-132.00
-161.00
-69.00
71.00
999999
251.00
251.00
247.00
234.00
222.00
251.00
223.00
251.00
302.00
321.00
327.00
261.00
226.00
238.00
222.00
253.00
263.00
277.00
252.00
226.00
159.00
138.00
75.00
-39.00
-78.00
-147.00
-95.00
96.00
265.00
427.00
571.00
622.00
540.00
499.00
476.00
435.00
357.00
261.00
214.00
203.00
187.00
190.00
128.00
242.00
293.00
339.00
313.00
294.00
287.00
345.00
406.00
469.00
602.00
694.00
666.00
276.00
-57.00
-241.00
-234.00
-165.00
-2.00
169.00
280.00
256.00
999999
232.00
203.00
203.00
224.00
261.00
307.00
347.00
314.00
287.00
172.00
204.00
180.00
213.00
233.00
259.00
280.00
265.00
257.00
262.00
253.00
245.00
181.00
72.00
-15.00
-87.00
-137.00
-68.00
68.00
289.00
482.00
575.00
604.00
519.00
463.00
415.00
367.00
338.00
285.00
244.00
180.00
144.00
106.00
113.00
193.00
233.00
298.00
316.00
326.00
332.00
399.00
459.00
531.00
612.00
679.00
543.00
263.00
8.00
-125.00
-252.00
-196.00
-33.00
115.00
220.00
999999
250.00
250.00
250.00
262.00
265.00
215.00
203.00
289.00
303.00
252.00
232.00
258.00
246.00
240.00
259.00
248.00
279.00
261.00
260.00
227.00
197.00
144.00
111.00
73.00
31.00
8.00
17.00
27.00
79.00
134.00
200.00
327.00
467.00
493.00
527.00
505.00
452.00
412.00
361.00
326.00
254.00
201.00
181.00
170.00
186.00
158.00
232.00
292.00
321.00
294.00
280.00
282.00
243.00
291.00
298.00
338.00
365.00
414.00
462.00
493.00
527.00
458.00
398.00
206.00
40.00
-101.00
-53.00
-94.00
-12.00
90.00
181.00
223.00
223.00
999999
230.00
230.00
253.00
321.00
435.00
564.00
508.00
279.00
147.00
48.00
39.00
35.00
23.00
94.00
113.00
148.00
146.00
180.00
172.00
142.00
136.00
131.00
65.00
23.00
-48.00
-49.00
-20.00
-8.00
29.00
212.00
317.00
488.00
455.00
410.00
390.00
300.00
254.00
245.00
192.00
89.00
88.00
-32.00
-161.00
-156.00
-50.00
140.00
323.00
401.00
414.00
389.00
380.00
370.00
325.00
420.00
507.00
497.00
198.00
-60.00
-256.00
-202.00
-111.00
55.00
132.00
999999
256.00
256.00
245.00
229.00
217.00
262.00
334.00
381.00
313.00
232.00
155.00
176.00
190.00
212.00
254.00
285.00
283.00
300.00
249.00
254.00
214.00
135.00
54.00
17.00
-66.00
-179.00
-50.00
186.00
429.00
644.00
635.00
550.00
457.00
358.00
301.00
251.00
253.00
220.00
233.00
240.00
204.00
220.00
200.00
172.00
235.00
275.00
308.00
355.00
288.00
283.00
353.00
430.00
525.00
655.00
728.00
562.00
231.00
-87.00
-164.00
-197.00
-113.00
72.00
192.00
999999
259.00
257.00
257.00
237.00
298.00
263.00
296.00
290.00
222.00
196.00
203.00
195.00
236.00
214.00
253.00
252.00
256.00
249.00
247.00
235.00
194.00
160.00
136.00
119.00
63.00
-17.00
-20.00
9.00
55.00
201.00
295.00
451.00
521.00
495.00
449.00
424.00
346.00
294.00
270.00
239.00
243.00
201.00
130.00
190.00
178.00
205.00
274.00
315.00
341.00
375.00
410.00
444.00
462.00
465.00
495.00
522.00
472.00
244.00
41.00
-102.00
-123.00
-149.00
-48.00
89.00
178.00
999999
275.00
275.00
258.00
240.00
241.00
224.00
270.00
319.00
316.00
210.00
227.00
239.00
228.00
222.00
265.00
276.00
303.00
316.00
288.00
291.00
242.00
193.00
108.00
55.00
-56.00
-176.00
-217.00
-69.00
168.00
388.00
588.00
646.00
570.00
502.00
483.00
404.00
322.00
259.00
238.00
190.00
155.00
57.00
67.00
200.00
315.00
332.00
385.00
337.00
281.00
254.00
253.00
295.00
325.00
405.00
524.00
652.00
712.00
605.00
308.00
-34.00
-181.00
-272.00
-142.00
-12.00
128.00
241.00
999999
215.00
215.00
189.00
211.00
262.00
318.00
271.00
226.00
235.00
258.00
244.00
235.00
256.00
241.00
248.00
274.00
264.00
282.00
272.00
260.00
239.00
247.00
190.00
144.00
85.00
7.00
-46.00
-113.00
-82.00
130.00
318.00
465.00
551.00
625.00
525.00
457.00
393.00
328.00
256.00
215.00
202.00
190.00
183.00
198.00
217.00
275.00
293.00
312.00
308.00
331.00
392.00
449.00
533.00
597.00
632.00
503.00
276.00
-7.00
-170.00
-181.00
-116.00
-28.00
83.00
182.00
999999
182.00
182.00
191.00
256.00
261.00
239.00
280.00
322.00
283.00
206.00
191.00
225.00
259.00
285.00
298.00
270.00
291.00
247.00
178.00
139.00
106.00
58.00
-4.00
-71.00
-65.00
33.00
117.00
278.00
428.00
523.00
596.00
570.00
540.00
414.00
325.00
223.00
173.00
132.00
38.00
-10.00
243.00
362.00
330.00
350.00
351.00
307.00
282.00
368.00
499.00
713.00
782.00
646.00
375.00
79.00
-184.00
-289.00
-227.00
-39.00
62.00
999999
212.00
212.00
156.00
170.00
231.00
346.00
385.00
369.00
330.00
285.00
251.00
164.00
148.00
148.00
154.00
145.00
155.00
181.00
176.00
152.00
111.00
54.00
-2.00
-61.00
-68.00
-14.00
152.00
303.00
417.00
460.00
429.00
438.00
454.00
348.00
218.00
144.00
33.00
-62.00
-182.00
-98.00
102.00
272.00
344.00
387.00
359.00
321.00
304.00
275.00
280.00
339.00
369.00
404.00
508.00
566.00
401.00
143.00
-12.00
-128.00
-211.00
-155.00
-2.00
140.00
183.00
999999
236.00
236.00
236.00
263.00
298.00
329.00
385.00
388.00
330.00
240.00
138.00
67.00
85.00
87.00
96.00
129.00
177.00
205.00
198.00
193.00
163.00
96.00
4.00
2.00
-46.00
-163.00
-85.00
65.00
228.00
466.00
547.00
595.00
454.00
372.00
325.00
259.00
209.00
172.00
104.00
35.00
-33.00
-151.00
-146.00
89.00
261.00
369.00
365.00
383.00
273.00
271.00
319.00
352.00
372.00
385.00
458.00
458.00
368.00
267.00
-49.00
-166.00
-217.00
-132.00
-24.00
32.00
51.00
999999
243.00
211.00
211.00
247.00
311.00
379.00
518.00
391.00
202.00
101.00
79.00
141.00
191.00
235.00
162.00
127.00
-53.00
-221.00
-327.00
-72.00
295.00
689.00
784.00
635.00
442.00
294.00
205.00
319.00
228.00
164.00
273.00
304.00
370.00
320.00
222.00
285.00
510.00
860.00
1013.00
581.00
166.00
-348.00
-418.00
-272.00
19.00
219.00
240.00
999999
261.00
261.00
261.00
243.00
227.00
349.00
374.00
292.00
188.00
179.00
202.00
211.00
206.00
237.00
209.00
187.00
119.00
24.00
-125.00
-204.00
-90.00
241.00
501.00
647.00
675.00
572.00
416.00
275.00
243.00
208.00
140.00
18.00
41.00
230.00
433.00
385.00
318.00
270.00
289.00
436.00
768.00
1166.00
774.00
215.00
-303.00
-513.00
-428.00
-158.00
147.00
269.00
999999
166.00
166.00
190.00
270.00
468.00
570.00
548.00
380.00
190.00
-20.00
-163.00
-160.00
-128.00
-49.00
62.00
65.00
49.00
-44.00
-61.00
-143.00
-3.00
206.00
410.00
502.00
399.00
316.00
27.00
-98.00
-263.00
-304.00
-32.00
238.00
446.00
466.00
432.00
456.00
482.00
556.00
518.00
407.00
197.00
-103.00
-135.00
-62.00
-9.00
24.00
999999
169.00
187.00
187.00
274.00
403.00
539.00
634.00
527.00
266.00
58.00
-47.00
-120.00
-79.00
-60.00
-20.00
16.00
29.00
-29.00
-45.00
-91.00
-87.00
106.00
257.00
449.00
600.00
628.00
449.00
295.00
166.00
85.00
-81.00
-165.00
-253.00
-31.00
313.00
575.00
521.00
542.00
573.00
571.00
632.00
543.00
446.00
77.00
-158.00
-253.00
-215.00
-77.00
7.00
85.00
127.00
999999
152.00
152.00
134.00
178.00
271.00
435.00
633.00
549.00
278.00
109.00
-4.00
-46.00
-61.00
12.00
92.00
101.00
134.00
89.00
42.00
50.00
13.00
-49.00
-98.00
-118.00
11.00
201.00
560.00
612.00
544.00
416.00
290.00
175.00
82.00
4.00
-130.00
-248.00
-300.00
-123.00
328.00
567.00
502.00
508.00
437.00
308.00
304.00
437.00
536.00
613.00
403.00
63.00
-237.00
-261.00
-192.00
-79.00
40.00
999999
219.00
219.00
166.00
137.00
175.00
115.00
88.00
240.00
229.00
201.00
241.00
355.00
383.00
381.00
315.00
218.00
137.00
14.00
-83.00
-122.00
-120.00
-118.00
105.00
309.00
495.00
670.00
664.00
551.00
471.00
355.00
235.00
177.00
113.00
141.00
148.00
159.00
263.00
377.00
391.00
386.00
429.00
416.00
552.00
748.00
837.00
625.00
265.00
-151.00
-402.00
-278.00
-34.00
84.00
131.00
999999
173.00
173.00
75.00
80.00
92.00
150.00
317.00
252.00
232.00
268.00
337.00
367.00
317.00
357.00
265.00
233.00
182.00
64.00
-34.00
-93.00
-228.00
-297.00
-32.00
252.00
667.00
787.00
724.00
572.00
447.00
339.00
318.00
261.00
201.00
144.00
120.00
210.00
166.00
174.00
311.00
384.00
292.00
327.00
265.00
287.00
335.00
450.00
595.00
731.00
899.00
887.00
545.00
-75.00
-432.00
-473.00
-272.00
34.00
102.00
999999
203.00
203.00
217.00
213.00
210.00
160.00
136.00
189.00
239.00
206.00
212.00
315.00
309.00
354.00
348.00
285.00
241.00
181.00
122.00
33.00
-67.00
-167.00
-188.00
-82.00
134.00
380.00
650.00
738.00
690.00
596.00
495.00
373.00
315.00
197.00
111.00
33.00
16.00
-51.00
153.00
519.00
495.00
399.00
399.00
300.00
290.00
427.00
735.00
1166.00
921.00
325.00
-312.00
-593.00
-375.00
-122.00
70.00
189.00
201.00
173.00
999999
238.00
238.00
220.00
219.00
134.00
47.00
9.00
62.00
203.00
267.00
240.00
288.00
290.00
364.00
372.00
329.00
249.00
205.00
105.00
1.00
-31.00
-125.00
-211.00
-42.00
123.00
417.00
598.00
767.00
662.00
552.00
444.00
421.00
209.00
173.00
102.00
53.00
51.00
194.00
404.00
426.00
400.00
293.00
241.00
329.00
464.00
656.00
971.00
986.00
594.00
50.00
-301.00
-437.00
-321.00
-25.00
51.00
999999
243.00
243.00
243.00
191.00
167.00
70.00
139.00
221.00
250.00
223.00
209.00
281.00
351.00
327.00
372.00
351.00
207.00
174.00
81.00
-28.00
-93.00
-172.00
-156.00
56.00
245.00
465.00
579.00
627.00
639.00
524.00
397.00
332.00
291.00
194.00
109.00
85.00
132.00
132.00
314.00
358.00
433.00
395.00
321.00
356.00
358.00
533.00
906.00
1222.00
935.00
147.00
-329.00
-425.00
-331.00
-185.00
13.00
96.00
142.00
999999
210.00
210.00
199.00
167.00
250.00
426.00
309.00
172.00
177.00
230.00
215.00
241.00
255.00
254.00
274.00
227.00
194.00
204.00
112.00
-72.00
-270.00
-216.00
-44.00
195.00
545.00
621.00
625.00
569.00
486.00
446.00
382.00
256.00
190.00
80.00
33.00
119.00
199.00
320.00
385.00
492.00
418.00
332.00
220.00
270.00
486.00
871.00
1126.00
932.00
368.00
-168.00
-521.00
-405.00
-114.00
45.00
999999
155.00
139.00
139.00
167.00
191.00
254.00
230.00
405.00
388.00
176.00
132.00
228.00
219.00
228.00
224.00
253.00
237.00
223.00
197.00
144.00
58.00
-99.00
-212.00
-214.00
-59.00
127.00
381.00
630.00
698.00
701.00
565.00
457.00
418.00
259.00
134.00
91.00
48.00
18.00
119.00
410.00
548.00
460.00
367.00
320.00
286.00
409.00
699.00
1123.00
871.00
257.00
-200.00
-469.00
-378.00
-84.00
39.00
33.00
999999
243.00
243.00
243.00
195.00
130.00
152.00
285.00
312.00
224.00
234.00
214.00
222.00
220.00
256.00
253.00
274.00
240.00
206.00
192.00
124.00
36.00
-88.00
-128.00
-136.00
-71.00
137.00
469.00
722.00
753.00
592.00
489.00
367.00
351.00
267.00
182.00
121.00
192.00
124.00
131.00
428.00
304.00
356.00
350.00
250.00
290.00
416.00
473.00
616.00
823.00
972.00
737.00
67.00
-353.00
-438.00
-261.00
-147.00
-2.00
46.00
143.00
999999
224.00
190.00
190.00
193.00
249.00
328.00
429.00
505.00
414.00
247.00
70.00
11.00
41.00
90.00
150.00
177.00
239.00
213.00
181.00
160.00
104.00
55.00
-105.00
-207.00
-138.00
51.00
288.00
532.00
656.00
580.00
462.00
389.00
330.00
308.00
233.00
216.00
162.00
39.00
-58.00
-141.00
-77.00
368.00
459.00
458.00
411.00
361.00
279.00
289.00
399.00
387.00
654.00
790.00
757.00
381.00
-176.00
-423.00
-281.00
-132.00
-84.00
124.00
999999
210.00
169.00
169.00
230.00
70.00
7.00
131.00
60.00
152.00
258.00
259.00
282.00
340.00
357.00
365.00
283.00
200.00
158.00
20.00
-91.00
-241.00
-281.00
-80.00
193.00
544.00
670.00
641.00
615.00
565.00
510.00
424.00
335.00
186.00
129.00
86.00
0.00
129.00
230.00
378.00
372.00
413.00
395.00
308.00
377.00
458.00
598.00
925.00
952.00
685.00
267.00
-220.00
-396.00
-341.00
-237.00
-71.00
70.00
144.00
999999
167.00
151.00
151.00
120.00
37.00
69.00
118.00
159.00
166.00
166.00
222.00
282.00
305.00
337.00
320.00
315.00
266.00
236.00
164.00
118.00
16.00
-15.00
-108.00
-123.00
-91.00
74.00
305.00
435.00
588.00
636.00
505.00
450.00
387.00
350.00
319.00
227.00
211.00
277.00
236.00
355.00
357.00
328.00
274.00
200.00
95.00
166.00
228.00
359.00
404.00
507.00
571.00
651.00
787.00
724.00
344.00
-41.00
-351.00
-377.00
-181.00
14.00
160.00
157.00
191.00
999999
194.00
194.00
172.00
162.00
154.00
144.00
301.00
374.00
307.00
216.00
200.00
167.00
192.00
205.00
244.00
273.00
248.00
200.00
103.00
-108.00
-219.00
-250.00
-120.00
144.00
461.00
626.00
539.00
492.00
468.00
465.00
469.00
415.00
319.00
224.00
187.00
84.00
92.00
193.00
338.00
372.00
358.00
319.00
319.00
310.00
417.00
699.00
978.00
950.00
615.00
146.00
-228.00
-402.00
-313.00
-104.00
-2.00
76.00
161.00
999999
159.00
159.00
128.00
44.00
-21.00
-20.00
69.00
123.00
204.00
313.00
367.00
345.00
355.00
319.00
277.00
251.00
200.00
162.00
141.00
-72.00
-157.00
-347.00
-206.00
59.00
412.00
652.00
712.00
635.00
560.00
449.00
371.00
334.00
316.00
289.00
275.00
223.00
365.00
281.00
221.00
153.00
187.00
228.00
275.00
282.00
301.00
383.00
493.00
623.00
876.00
849.00
480.00
64.00
-244.00
-277.00
-207.00
-76.00
41.00
128.00
999999
208.00
220.00
220.00
179.00
175.00
41.00
94.00
215.00
320.00
294.00
245.00
247.00
276.00
258.00
299.00
252.00
251.00
177.00
143.00
69.00
4.00
-46.00
-134.00
-151.00
49.00
269.00
520.00
578.00
593.00
520.00
438.00
387.00
308.00
271.00
297.00
246.00
267.00
247.00
334.00
294.00
267.00
268.00
180.00
198.00
309.00
282.00
288.00
314.00
390.00
452.00
597.00
747.00
778.00
511.00
3.00
-315.00
-295.00
-223.00
-58.00
56.00
192.00
263.00
247.00
999999
251.00
251.00
251.00
192.00
232.00
173.00
365.00
436.00
289.00
184.00
188.00
194.00
222.00
285.00
307.00
271.00
168.00
142.00
33.00
-99.00
-184.00
-222.00
-102.00
157.00
443.00
582.00
666.00
618.00
567.00
517.00
437.00
323.00
214.00
191.00
108.00
61.00
56.00
146.00
293.00
319.00
333.00
278.00
305.00
257.00
520.00
278.00
382.00
611.00
676.00
920.00
669.00
242.00
-151.00
-267.00
-251.00
-153.00
-16.00
93.00
104.00
182.00
999999
189.00
189.00
189.00
305.00
431.00
635.00
566.00
365.00
203.00
62.00
5.00
1.00
17.00
56.00
101.00
123.00
40.00
-67.00
-95.00
-180.00
-201.00
-35.00
156.00
518.00
584.00
559.00
517.00
442.00
372.00
309.00
130.00
-21.00
-123.00
-222.00
4.00
313.00
449.00
472.00
434.00
546.00
254.00
198.00
414.00
511.00
649.00
689.00
379.00
11.00
-321.00
-224.00
-59.00
-30.00
31.00
999999
243.00
243.00
243.00
162.00
137.00
189.00
421.00
446.00
319.00
245.00
160.00
192.00
170.00
179.00
203.00
233.00
239.00
209.00
191.00
170.00
94.00
31.00
-53.00
-73.00
-66.00
-10.00
226.00
509.00
590.00
612.00
531.00
467.00
379.00
316.00
344.00
276.00
199.00
187.00
264.00
103.00
227.00
254.00
216.00
245.00
304.00
270.00
234.00
255.00
299.00
332.00
427.00
515.00
585.00
677.00
723.00
610.00
352.00
-21.00
-179.00
-258.00
-127.00
-13.00
88.00
131.00
167.00
999999
197.00
149.00
149.00
199.00
151.00
205.00
256.00
254.00
258.00
331.00
286.00
202.00
267.00
254.00
298.00
269.00
246.00
212.00
182.00
177.00
175.00
81.00
61.00
-62.00
-149.00
-162.00
85.00
251.00
489.00
591.00
574.00
543.00
504.00
401.00
421.00
342.00
172.00
214.00
180.00
112.00
212.00
204.00
351.00
371.00
337.00
322.00
308.00
361.00
478.00
792.00
861.00
747.00
414.00
-43.00
-310.00
-244.00
-166.00
-97.00
70.00
184.00
999999
179.00
179.00
179.00
176.00
110.00
27.00
-36.00
-41.00
59.00
136.00
191.00
261.00
357.00
398.00
360.00
301.00
205.00
120.00
71.00
-4.00
-132.00
-84.00
-58.00
65.00
239.00
434.00
528.00
569.00
546.00
454.00
433.00
338.00
312.00
330.00
314.00
262.00
192.00
167.00
192.00
257.00
251.00
255.00
335.00
422.00
538.00
611.00
652.00
653.00
404.00
153.00
-83.00
-137.00
-157.00
-99.00
-1.00
84.00
999999
132.00
26.00
26.00
-14.00
108.00
32.00
-60.00
42.00
69.00
123.00
211.00
333.00
363.00
400.00
352.00
273.00
227.00
116.00
-3.00
-63.00
-161.00
-199.00
8.00
125.00
447.00
624.00
595.00
568.00
500.00
417.00
350.00
352.00
413.00
533.00
445.00
172.00
-21.00
-35.00
-9.00
115.00
165.00
235.00
324.00
424.00
564.00
628.00
572.00
317.00
-1.00
-117.00
-154.00
-159.00
-50.00
42.00
999999
242.00
242.00
235.00
179.00
93.00
73.00
156.00
181.00
209.00
186.00
332.00
413.00
404.00
359.00
232.00
85.00
-87.00
-200.00
-358.00
-174.00
111.00
530.00
698.00
665.00
621.00
529.00
402.00
316.00
194.00
152.00
146.00
99.00
197.00
248.00
357.00
347.00
318.00
321.00
315.00
398.00
553.00
766.00
815.00
772.00
479.00
192.00
-209.00
-330.00
-264.00
-148.00
46.00
999999
133.00
133.00
133.00
133.00
11.00
-49.00
-149.00
7.00
142.00
242.00
352.00
428.00
388.00
345.00
298.00
193.00
162.00
28.00
-165.00
-231.00
-190.00
-40.00
203.00
495.00
612.00
537.00
506.00
446.00
388.00
314.00
293.00
294.00
365.00
472.00
303.00
170.00
65.00
62.00
46.00
89.00
193.00
284.00
419.00
557.00
658.00
691.00
417.00
59.00
-165.00
-232.00
-212.00
-21.00
45.00
999999
88.00
88.00
69.00
72.00
14.00
-33.00
5.00
140.00
212.00
231.00
289.00
363.00
370.00
380.00
333.00
300.00
253.00
193.00
145.00
95.00
-20.00
-211.00
-214.00
-116.00
98.00
413.00
503.00
499.00
463.00
421.00
394.00
358.00
328.00
306.00
264.00
240.00
299.00
421.00
487.00
262.00
117.00
29.00
45.00
39.00
115.00
170.00
233.00
264.00
336.00
396.00
450.00
499.00
520.00
499.00
315.00
-52.00
-210.00
-111.00
-38.00
9.00
999999
239.00
239.00
239.00
187.00
179.00
158.00
299.00
359.00
254.00
233.00
192.00
242.00
274.00
271.00
272.00
229.00
262.00
163.00
180.00
132.00
103.00
24.00
-47.00
-119.00
-125.00
64.00
196.00
385.00
529.00
624.00
564.00
535.00
481.00
445.00
313.00
276.00
253.00
177.00
187.00
167.00
174.00
199.00
253.00
326.00
336.00
321.00
337.00
397.00
464.00
561.00
662.00
727.00
601.00
242.00
-72.00
-141.00
-190.00
-90.00
-19.00
80.00
999999
172.00
271.00
271.00
204.00
238.00
201.00
441.00
487.00
412.00
310.00
279.00
256.00
193.00
209.00
192.00
133.00
132.00
149.00
153.00
97.00
-2.00
-164.00
-21.00
166.00
365.00
587.00
580.00
569.00
469.00
375.00
357.00
282.00
222.00
183.00
176.00
192.00
225.00
336.00
240.00
284.00
442.00
492.00
428.00
418.00
643.00
712.00
592.00
670.00
297.00
-195.00
-355.00
-312.00
-105.00
68.00
160.00
323.00
281.00
999999
254.00
254.00
254.00
237.00
199.00
363.00
409.00
325.00
198.00
145.00
192.00
197.00
196.00
210.00
204.00
218.00
192.00
95.00
3.00
-160.00
-208.00
-66.00
172.00
483.00
683.00
722.00
611.00
544.00
423.00
286.00
238.00
102.00
-1.00
-13.00
188.00
400.00
439.00
339.00
318.00
350.00
413.00
545.00
654.00
810.00
743.00
483.00
101.00
-278.00
-274.00
-202.00
-56.00
999999
237.00
237.00
290.00
294.00
372.00
487.00
470.00
401.00
283.00
112.00
13.00
49.00
-32.00
-7.00
25.00
85.00
91.00
48.00
26.00
-34.00
-151.00
-70.00
93.00
117.00
321.00
427.00
480.00
388.00
244.00
102.00
-112.00
-298.00
-322.00
-261.00
139.00
383.00
495.00
349.00
352.00
314.00
273.00
314.00
269.00
359.00
365.00
214.00
1.00
-135.00
-142.00
-42.00
51.00
999999
90.00
139.00
139.00
135.00
350.00
366.00
455.00
470.00
261.00
61.00
-79.00
-155.00
-253.00
-235.00
-153.00
-55.00
-41.00
-34.00
-11.00
-25.00
-66.00
28.00
101.00
226.00
249.00
256.00
258.00
213.00
60.00
-32.00
-237.00
-399.00
-371.00
-36.00
259.00
375.00
345.00
316.00
246.00
265.00
247.00
208.00
246.00
233.00
139.00
-113.00
-131.00
-49.00
-31.00
-2.00
11.00
999999
287.00
287.00
287.00
233.00
442.00
525.00
568.00
546.00
175.00
-18.00
-169.00
-264.00
-271.00
-190.00
-85.00
-18.00
-28.00
37.00
12.00
-7.00
-53.00
-77.00
0.00
81.00
247.00
377.00
395.00
202.00
107.00
23.00
-59.00
-138.00
-358.00
-398.00
-373.00
119.00
260.00
458.00
372.00
288.00
265.00
127.00
101.00
88.00
81.00
97.00
141.00
85.00
92.00
-48.00
-89.00
-135.00
-8.00
-39.00
29.00
9.00
999999
51.00
51.00
51.00
119.00
253.00
371.00
419.00
388.00
207.00
39.00
-57.00
-171.00
-294.00
-256.00
-243.00
-93.00
-25.00
13.00
-41.00
1.00
-36.00
-66.00
-39.00
60.00
187.00
286.00
187.00
202.00
133.00
36.00
52.00
-10.00
-73.00
-91.00
-294.00
-348.00
-162.00
59.00
308.00
392.00
379.00
324.00
218.00
120.00
126.00
101.00
79.00
83.00
64.00
182.00
165.00
-36.00
-41.00
4.00
-22.00
0.00
-23.00
-22.00
98.00
999999
319.00
319.00
319.00
435.00
545.00
513.00
384.00
129.00
-83.00
-205.00
-275.00
-290.00
-209.00
-76.00
-28.00
27.00
0.00
-10.00
7.00
-47.00
-101.00
-14.00
125.00
219.00
360.00
267.00
161.00
75.00
45.00
6.00
7.00
-71.00
-163.00
-384.00
-433.00
-95.00
315.00
403.00
439.00
381.00
209.00
122.00
57.00
16.00
66.00
83.00
57.00
189.00
278.00
192.00
-87.00
-78.00
-76.00
-59.00
-52.00
-25.00
29.00
28.00
999999
73.00
73.00
73.00
193.00
480.00
615.00
616.00
301.00
-60.00
-244.00
-244.00
-284.00
-187.00
-75.00
-35.00
43.00
30.00
7.00
4.00
-30.00
-108.00
-83.00
38.00
183.00
295.00
200.00
181.00
83.00
47.00
48.00
46.00
64.00
-19.00
-153.00
-337.00
-467.00
-255.00
96.00
305.00
445.00
366.00
294.00
231.00
107.00
63.00
69.00
53.00
100.00
72.00
58.00
15.00
-73.00
-60.00
-56.00
-66.00
-42.00
19.00
2.00
999999
76.00
76.00
101.00
263.00
317.00
472.00
479.00
392.00
31.00
-133.00
-176.00
-242.00
-194.00
-137.00
-73.00
-5.00
16.00
48.00
36.00
47.00
17.00
39.00
1.00
-82.00
-150.00
75.00
164.00
244.00
239.00
201.00
108.00
45.00
30.00
-39.00
-41.00
-149.00
-300.00
-426.00
-331.00
163.00
319.00
423.00
449.00
341.00
220.00
199.00
122.00
23.00
78.00
50.00
127.00
77.00
-38.00
-73.00
-6.00
34.00
-4.00
21.00
39.00
74.00
999999
36.00
36.00
36.00
220.00
348.00
332.00
387.00
473.00
230.00
52.00
-41.00
-201.00
-197.00
-222.00
-117.00
-86.00
-51.00
-11.00
6.00
10.00
55.00
6.00
22.00
-25.00
-112.00
-19.00
14.00
146.00
310.00
304.00
222.00
57.00
88.00
6.00
-49.00
-36.00
-210.00
-357.00
-341.00
-162.00
217.00
465.00
448.00
356.00
295.00
117.00
149.00
156.00
117.00
174.00
235.00
148.00
35.00
-77.00
-130.00
-73.00
34.00
-6.00
-40.00
40.00
37.00
68.00
999999
91.00
91.00
78.00
106.00
238.00
388.00
386.00
473.00
356.00
207.00
52.00
-44.00
-193.00
-230.00
-260.00
-172.00
-113.00
4.00
91.00
75.00
49.00
7.00
-29.00
-74.00
-2.00
77.00
94.00
184.00
194.00
188.00
150.00
87.00
8.00
-51.00
-161.00
-232.00
-442.00
-289.00
81.00
331.00
412.00
350.00
325.00
276.00
138.00
94.00
63.00
54.00
57.00
59.00
-35.00
-19.00
-51.00
41.00
1.00
4.00
-6.00
29.00
999999
54.00
48.00
48.00
90.00
211.00
335.00
398.00
395.00
383.00
234.00
63.00
-133.00
-257.00
-353.00
-261.00
-93.00
-22.00
61.00
66.00
99.00
68.00
40.00
-3.00
-50.00
-1.00
60.00
88.00
110.00
108.00
99.00
105.00
54.00
-40.00
-119.00
-303.00
-424.00
-408.00
-3.00
346.00
404.00
374.00
304.00
185.00
136.00
28.00
29.00
3.00
-16.00
46.00
38.00
11.00
-41.00
108.00
40.00
36.00
16.00
999999
23.00
-29.00
-29.00
-2.00
317.00
440.00
432.00
401.00
314.00
130.00
5.00
-169.00
-224.00
-323.00
-299.00
-116.00
-26.00
-7.00
3.00
-45.00
-148.00
-83.00
79.00
104.00
281.00
226.00
155.00
-8.00
-27.00
-55.00
-165.00
-297.00
-435.00
-281.00
124.00
294.00
325.00
343.00
301.00
239.00
135.00
61.00
16.00
123.00
90.00
-24.00
-86.00
0.00
-61.00
-50.00
15.00
88.00
999999
198.00
198.00
198.00
393.00
446.00
436.00
338.00
167.00
-68.00
-191.00
-225.00
-248.00
-74.00
-14.00
18.00
-10.00
-88.00
-107.00
-62.00
-50.00
-28.00
-35.00
63.00
101.00
215.00
184.00
106.00
32.00
-19.00
2.00
-87.00
-117.00
-240.00
-374.00
-184.00
163.00
295.00
350.00
312.00
225.00
165.00
65.00
7.00
-11.00
-10.00
43.00
3.00
-1.00
33.00
-34.00
-3.00
25.00
25.00
999999
-4.00
-15.00
-15.00
26.00
308.00
368.00
474.00
521.00
206.00
-51.00
-178.00
-289.00
-327.00
-263.00
-150.00
-100.00
-36.00
-16.00
-18.00
-10.00
57.00
16.00
-73.00
13.00
42.00
81.00
75.00
87.00
69.00
-42.00
-95.00
-115.00
-220.00
-346.00
-381.00
-189.00
195.00
263.00
329.00
295.00
242.00
110.00
44.00
23.00
-41.00
6.00
0.00
-27.00
-11.00
13.00
56.00
6.00
-20.00
5.00
999999
78.00
78.00
78.00
46.00
399.00
374.00
413.00
392.00
5.00
-162.00
-255.00
-318.00
-296.00
-180.00
-102.00
-63.00
-40.00
-16.00
-8.00
-5.00
20.00
-9.00
-55.00
-1.00
114.00
131.00
119.00
25.00
5.00
21.00
-29.00
-82.00
-77.00
-176.00
-354.00
-404.00
-258.00
119.00
259.00
292.00
304.00
263.00
128.00
91.00
-2.00
-39.00
-32.00
-4.00
-21.00
-47.00
-66.00
-33.00
-24.00
100.00
31.00
20.00
999999
247.00
247.00
226.00
278.00
240.00
110.00
191.00
430.00
350.00
133.00
175.00
232.00
186.00
151.00
130.00
56.00
-65.00
-149.00
-163.00
-67.00
172.00
454.00
745.00
808.00
641.00
508.00
371.00
294.00
198.00
127.00
157.00
167.00
39.00
109.00
329.00
418.00
375.00
358.00
426.00
609.00
864.00
978.00
789.00
371.00
-24.00
-300.00
-289.00
-229.00
-87.00
85.00
218.00
999999
221.00
221.00
186.00
199.00
218.00
233.00
261.00
324.00
311.00
240.00
198.00
211.00
247.00
254.00
244.00
247.00
249.00
225.00
193.00
201.00
171.00
141.00
118.00
53.00
-30.00
-63.00
-15.00
59.00
141.00
275.00
533.00
621.00
578.00
483.00
426.00
384.00
288.00
206.00
234.00
198.00
168.00
201.00
209.00
231.00
263.00
269.00
298.00
264.00
254.00
337.00
444.00
462.00
541.00
638.00
702.00
494.00
276.00
2.00
-197.00
-225.00
-131.00
-34.00
53.00
168.00
199.00
999999
127.00
147.00
147.00
199.00
360.00
504.00
563.00
431.00
172.00
-29.00
-166.00
-195.00
-167.00
-53.00
21.00
20.00
31.00
2.00
-52.00
-95.00
-67.00
-94.00
-4.00
138.00
309.00
346.00
193.00
97.00
63.00
70.00
-40.00
-153.00
-302.00
-263.00
-5.00
238.00
352.00
355.00
325.00
280.00
221.00
181.00
188.00
165.00
118.00
181.00
209.00
179.00
34.00
-48.00
-92.00
-71.00
-32.00
38.00
16.00
999999
130.00
130.00
130.00
203.00
442.00
506.00
418.00
243.00
51.00
-99.00
-200.00
-260.00
-232.00
-135.00
-106.00
-64.00
0.00
-1.00
2.00
11.00
-11.00
1.00
-35.00
-55.00
13.00
112.00
187.00
183.00
172.00
138.00
114.00
76.00
26.00
3.00
-79.00
-215.00
-361.00
-360.00
-153.00
260.00
403.00
367.00
320.00
178.00
164.00
147.00
142.00
80.00
66.00
51.00
57.00
77.00
102.00
51.00
1.00
-57.00
-83.00
-45.00
9.00
37.00
999999
214.00
214.00
214.00
285.00
379.00
453.00
455.00
391.00
202.00
30.00
-41.00
-131.00
-130.00
-109.00
-88.00
2.00
42.00
55.00
116.00
77.00
84.00
59.00
-23.00
-64.00
-75.00
25.00
87.00
216.00
209.00
248.00
195.00
153.00
159.00
80.00
21.00
-2.00
-131.00
-286.00
-276.00
-150.00
21.00
201.00
338.00
336.00
361.00
303.00
260.00
209.00
214.00
166.00
135.00
146.00
150.00
142.00
129.00
45.00
-53.00
-45.00
-77.00
-23.00
54.00
109.00
999999
204.00
204.00
146.00
188.00
282.00
333.00
378.00
369.00
388.00
321.00
180.00
121.00
42.00
37.00
33.00
108.00
174.00
197.00
218.00
203.00
150.00
150.00
133.00
8.00
-85.00
-129.00
-124.00
77.00
310.00
577.00
589.00
492.00
421.00
374.00
269.00
223.00
187.00
126.00
62.00
4.00
-8.00
9.00
51.00
158.00
285.00
315.00
330.00
353.00
310.00
284.00
290.00
306.00
318.00
307.00
351.00
397.00
384.00
466.00
323.00
101.00
-96.00
-132.00
-168.00
-87.00
22.00
63.00
150.00
172.00
999999
111.00
150.00
150.00
153.00
207.00
273.00
348.00
416.00
434.00
367.00
255.00
18.00
-74.00
-192.00
-170.00
-146.00
-58.00
18.00
51.00
51.00
42.00
51.00
32.00
1.00
-11.00
-31.00
35.00
174.00
275.00
323.00
268.00
209.00
183.00
123.00
78.00
61.00
42.00
-25.00
-107.00
-176.00
-199.00
-58.00
110.00
256.00
312.00
355.00
347.00
222.00
142.00
121.00
148.00
136.00
108.00
127.00
189.00
378.00
330.00
97.00
-102.00
-153.00
-170.00
-61.00
53.00
60.00
150.00
999999
56.00
56.00
51.00
80.00
198.00
330.00
410.00
506.00
440.00
280.00
58.00
-50.00
-128.00
-174.00
-95.00
-9.00
13.00
61.00
30.00
28.00
-2.00
-10.00
12.00
-44.00
-27.00
-15.00
64.00
168.00
302.00
370.00
298.00
207.00
142.00
68.00
0.00
-87.00
-151.00
-192.00
-82.00
149.00
223.00
360.00
358.00
342.00
320.00
252.00
230.00
225.00
252.00
305.00
306.00
204.00
11.00
-49.00
-63.00
-81.00
-24.00
19.00
999999
3.00
-5.00
-5.00
87.00
306.00
413.00
419.00
389.00
182.00
-13.00
-163.00
-242.00
-291.00
-247.00
-201.00
-86.00
-10.00
-16.00
3.00
37.00
6.00
-61.00
-25.00
29.00
17.00
24.00
62.00
128.00
128.00
131.00
55.00
35.00
-40.00
-81.00
-118.00
-184.00
-256.00
-239.00
7.00
159.00
276.00
321.00
288.00
248.00
164.00
141.00
121.00
130.00
133.00
98.00
109.00
149.00
132.00
102.00
29.00
-70.00
-107.00
-42.00
12.00
20.00
57.00
999999
45.00
49.00
49.00
142.00
340.00
421.00
437.00
429.00
249.00
70.00
-31.00
-189.00
-230.00
-224.00
-196.00
-112.00
-1.00
11.00
37.00
69.00
22.00
20.00
-23.00
-91.00
-100.00
31.00
162.00
180.00
256.00
222.00
173.00
149.00
134.00
90.00
50.00
43.00
39.00
21.00
-47.00
-144.00
-239.00
-303.00
-160.00
87.00
303.00
338.00
349.00
294.00
232.00
153.00
87.00
83.00
81.00
73.00
93.00
122.00
130.00
33.00
-15.00
24.00
-21.00
19.00
35.00
47.00
999999
109.00
109.00
109.00
243.00
305.00
326.00
336.00
307.00
191.00
133.00
-44.00
-197.00
-237.00
-273.00
-188.00
-123.00
-109.00
-38.00
-7.00
10.00
3.00
19.00
31.00
31.00
5.00
-20.00
-39.00
-28.00
5.00
43.00
99.00
132.00
137.00
104.00
78.00
55.00
33.00
14.00
-15.00
-39.00
-61.00
-150.00
-279.00
-270.00
-93.00
85.00
205.00
260.00
289.00
255.00
198.00
165.00
134.00
103.00
111.00
116.00
84.00
96.00
114.00
153.00
179.00
137.00
36.00
-29.00
-38.00
-36.00
-30.00
37.00
55.00
52.00
999999
147.00
147.00
147.00
259.00
406.00
431.00
424.00
348.00
148.00
-57.00
-232.00
-343.00
-321.00
-279.00
-127.00
-50.00
-43.00
0.00
-6.00
-27.00
12.00
36.00
43.00
123.00
115.00
172.00
124.00
114.00
77.00
61.00
14.00
-29.00
-128.00
-293.00
-427.00
-321.00
116.00
312.00
340.00
406.00
324.00
240.00
105.00
116.00
70.00
97.00
105.00
105.00
78.00
-12.00
-36.00
-23.00
-39.00
-29.00
999999
30.00
83.00
83.00
17.00
198.00
348.00
410.00
462.00
431.00
302.00
73.00
-119.00
-355.00
-384.00
-281.00
-193.00
-60.00
-9.00
34.00
16.00
-31.00
-21.00
-15.00
-2.00
-4.00
110.00
148.00
231.00
133.00
72.00
85.00
45.00
-20.00
-89.00
-283.00
-501.00
-366.00
117.00
288.00
358.00
417.00
298.00
273.00
235.00
166.00
146.00
135.00
169.00
217.00
122.00
50.00
-97.00
-95.00
-68.00
-4.00
18.00
999999
192.00
192.00
192.00
163.00
217.00
402.00
490.00
482.00
312.00
125.00
-98.00
-242.00
-245.00
-244.00
-162.00
-2.00
43.00
40.00
34.00
68.00
65.00
19.00
-6.00
-50.00
-41.00
93.00
174.00
269.00
284.00
141.00
97.00
85.00
96.00
44.00
-38.00
-183.00
-285.00
-188.00
21.00
291.00
365.00
384.00
417.00
290.00
246.00
170.00
197.00
148.00
172.00
151.00
209.00
345.00
169.00
-44.00
-116.00
-98.00
-94.00
-35.00
61.00
999999
45.00
45.00
55.00
160.00
259.00
405.00
477.00
476.00
315.00
61.00
-156.00
-220.00
-277.00
-210.00
-129.00
-52.00
12.00
43.00
37.00
24.00
19.00
8.00
-53.00
-42.00
43.00
124.00
237.00
308.00
186.00
101.00
99.00
60.00
42.00
59.00
65.00
4.00
-133.00
-356.00
-339.00
-134.00
244.00
389.00
425.00
398.00
344.00
272.00
227.00
198.00
209.00
179.00
224.00
248.00
119.00
-3.00
-97.00
-91.00
-85.00
-15.00
19.00
63.00
999999
124.00
124.00
116.00
167.00
291.00
364.00
461.00
533.00
461.00
293.00
97.00
-92.00
-229.00
-307.00
-220.00
-88.00
68.00
65.00
59.00
45.00
57.00
13.00
-3.00
-3.00
-34.00
8.00
133.00
195.00
316.00
318.00
190.00
156.00
160.00
92.00
57.00
32.00
-54.00
-173.00
-369.00
-264.00
-2.00
187.00
282.00
376.00
386.00
294.00
257.00
168.00
137.00
197.00
118.00
89.00
131.00
180.00
222.00
135.00
4.00
-104.00
-101.00
-114.00
31.00
76.00
999999
237.00
237.00
237.00
314.00
440.00
585.00
579.00
339.00
86.00
-123.00
-220.00
-225.00
-183.00
-127.00
-47.00
-2.00
12.00
38.00
59.00
90.00
112.00
110.00
84.00
106.00
117.00
96.00
44.00
-21.00
-28.00
-51.00
-24.00
58.00
159.00
232.00
279.00
222.00
162.00
144.00
96.00
90.00
46.00
12.00
-148.00
-316.00
-459.00
-86.00
309.00
483.00
487.00
435.00
272.00
167.00
159.00
182.00
192.00
148.00
106.00
144.00
307.00
271.00
135.00
-76.00
-75.00
-101.00
-91.00
-6.00
36.00
64.00
999999
58.00
58.00
21.00
103.00
288.00
370.00
457.00
580.00
492.00
219.00
-97.00
-232.00
-308.00
-275.00
-190.00
-66.00
-37.00
-4.00
5.00
10.00
27.00
29.00
40.00
62.00
46.00
47.00
26.00
47.00
13.00
-16.00
-61.00
-26.00
-29.00
65.00
127.00
176.00
197.00
162.00
77.00
82.00
84.00
39.00
-16.00
-24.00
-151.00
-375.00
-301.00
31.00
282.00
379.00
400.00
325.00
255.00
170.00
133.00
120.00
133.00
122.00
58.00
123.00
150.00
76.00
-1.00
-3.00
-21.00
1.00
84.00
999999
71.00
77.00
77.00
160.00
266.00
395.00
430.00
374.00
202.00
-7.00
-122.00
-193.00
-273.00
-212.00
-157.00
-49.00
-20.00
6.00
-2.00
2.00
-6.00
-11.00
0.00
-26.00
-51.00
-57.00
2.00
69.00
101.00
182.00
183.00
131.00
87.00
56.00
52.00
-5.00
-72.00
-153.00
-327.00
-393.00
-151.00
122.00
310.00
385.00
400.00
314.00
271.00
212.00
180.00
129.00
132.00
102.00
112.00
10.00
-10.00
-27.00
-21.00
-41.00
47.00
45.00
999999
199.00
199.00
207.00
295.00
413.00
508.00
482.00
401.00
216.00
27.00
-71.00
-204.00
-238.00
-207.00
-82.00
-9.00
69.00
75.00
56.00
5.00
13.00
-55.00
-26.00
-77.00
38.00
246.00
348.00
365.00
255.00
197.00
144.00
97.00
70.00
15.00
-106.00
-201.00
-288.00
-176.00
40.00
280.00
372.00
383.00
322.00
304.00
205.00
204.00
188.00
194.00
257.00
272.00
118.00
-27.00
-16.00
-84.00
-100.00
-36.00
61.00
999999
274.00
274.00
274.00
258.00
311.00
336.00
384.00
350.00
286.00
182.00
131.00
44.00
-14.00
-63.00
-18.00
-3.00
27.00
70.00
80.00
92.00
116.00
109.00
100.00
91.00
93.00
78.00
34.00
-4.00
36.00
96.00
150.00
173.00
279.00
329.00
319.00
266.00
193.00
130.00
69.00
32.00
-16.00
-99.00
-69.00
111.00
212.00
217.00
344.00
289.00
255.00
257.00
277.00
255.00
290.00
252.00
253.00
252.00
291.00
272.00
192.00
-14.00
-54.00
-68.00
-33.00
-24.00
26.00
999999
178.00
160.00
160.00
172.00
198.00
266.00
326.00
293.00
262.00
252.00
241.00
226.00
250.00
213.00
239.00
231.00
208.00
173.00
117.00
61.00
-35.00
-121.00
-165.00
-45.00
119.00
335.00
505.00
603.00
637.00
556.00
509.00
411.00
307.00
186.00
128.00
67.00
-6.00
105.00
259.00
380.00
389.00
372.00
359.00
337.00
376.00
476.00
686.00
792.00
733.00
503.00
-17.00
-216.00
-249.00
-199.00
-73.00
35.00
144.00
224.00
999999
85.00
205.00
205.00
265.00
287.00
440.00
463.00
376.00
212.00
83.00
5.00
-90.00
-107.00
-79.00
-85.00
-19.00
3.00
17.00
31.00
11.00
-16.00
-36.00
-64.00
60.00
63.00
197.00
250.00
225.00
223.00
135.00
114.00
71.00
7.00
-28.00
-156.00
-288.00
-152.00
32.00
345.00
388.00
430.00
334.00
315.00
224.00
197.00
224.00
207.00
257.00
227.00
202.00
142.00
2.00
-59.00
-99.00
-41.00
-5.00
10.00
66.00
47.00
999999
230.00
254.00
254.00
210.00
199.00
243.00
375.00
274.00
230.00
226.00
200.00
218.00
213.00
226.00
243.00
256.00
204.00
149.00
42.00
-97.00
-288.00
-247.00
22.00
316.00
577.00
637.00
635.00
514.00
457.00
374.00
245.00
188.00
90.00
99.00
220.00
270.00
292.00
335.00
337.00
337.00
383.00
508.00
692.00
881.00
675.00
254.00
-84.00
-268.00
-306.00
-165.00
5.00
147.00
244.00
999999
315.00
315.00
343.00
386.00
460.00
515.00
374.00
192.00
-13.00
-131.00
-158.00
-177.00
-130.00
20.00
41.00
64.00
61.00
66.00
41.00
40.00
55.00
55.00
-53.00
-42.00
36.00
90.00
215.00
251.00
242.00
138.00
107.00
76.00
78.00
42.00
-40.00
-191.00
-311.00
-281.00
-26.00
147.00
325.00
329.00
310.00
249.00
234.00
192.00
130.00
105.00
159.00
267.00
272.00
128.00
-31.00
-113.00
-99.00
-70.00
23.00
999999
315.00
315.00
343.00
386.00
460.00
515.00
374.00
192.00
-13.00
-131.00
-158.00
-177.00
-130.00
20.00
41.00
64.00
61.00
66.00
41.00
40.00
55.00
55.00
-53.00
-42.00
36.00
90.00
215.00
251.00
242.00
138.00
107.00
76.00
78.00
42.00
-40.00
-191.00
-311.00
-281.00
-26.00
147.00
325.00
329.00
310.00
249.00
234.00
192.00
130.00
105.00
159.00
267.00
272.00
128.00
-31.00
-113.00
-99.00
-70.00
23.00
999999
112.00
112.00
112.00
268.00
350.00
361.00
400.00
383.00
278.00
146.00
9.00
-87.00
-170.00
-165.00
-122.00
-42.00
-5.00
0.00
2.00
13.00
6.00
7.00
-4.00
-40.00
-64.00
21.00
61.00
116.00
250.00
213.00
224.00
160.00
131.00
73.00
13.00
-200.00
-425.00
-413.00
-24.00
227.00
356.00
389.00
327.00
185.00
166.00
110.00
61.00
58.00
78.00
123.00
265.00
224.00
91.00
-36.00
-107.00
-119.00
-23.00
-4.00
99.00
999999
144.00
144.00
144.00
215.00
373.00
450.00
565.00
487.00
240.00
-44.00
-182.00
-237.00
-217.00
-160.00
-24.00
58.00
85.00
64.00
36.00
-17.00
-33.00
-64.00
-7.00
68.00
172.00
348.00
330.00
225.00
189.00
143.00
84.00
-42.00
-198.00
-389.00
-408.00
-54.00
393.00
439.00
446.00
320.00
245.00
192.00
122.00
109.00
214.00
278.00
316.00
104.00
-26.00
-68.00
-143.00
-70.00
27.00
999999
274.00
274.00
274.00
247.00
270.00
269.00
292.00
288.00
334.00
308.00
204.00
179.00
191.00
226.00
199.00
246.00
239.00
238.00
240.00
237.00
185.00
160.00
78.00
22.00
-92.00
-108.00
-73.00
58.00
315.00
508.00
641.00
605.00
535.00
426.00
350.00
272.00
224.00
146.00
116.00
169.00
14.00
103.00
259.00
410.00
363.00
317.00
286.00
287.00
280.00
307.00
319.00
399.00
489.00
605.00
732.00
644.00
362.00
64.00
-130.00
-190.00
-183.00
-126.00
11.00
60.00
152.00
253.00
999999
265.00
265.00
229.00
231.00
235.00
275.00
310.00
317.00
257.00
217.00
220.00
236.00
232.00
227.00
248.00
253.00
247.00
255.00
237.00
217.00
200.00
181.00
163.00
123.00
96.00
26.00
-19.00
-60.00
133.00
268.00
454.00
598.00
553.00
458.00
376.00
320.00
286.00
282.00
240.00
264.00
237.00
198.00
216.00
129.00
151.00
222.00
266.00
311.00
321.00
281.00
263.00
283.00
262.00
258.00
280.00
397.00
491.00
522.00
664.00
596.00
401.00
162.00
-53.00
-147.00
-133.00
-59.00
-1.00
95.00
163.00
234.00
246.00
999999
228.00
228.00
213.00
218.00
227.00
194.00
239.00
273.00
290.00
232.00
202.00
221.00
268.00
259.00
266.00
288.00
258.00
239.00
228.00
171.00
119.00
60.00
-39.00
-135.00
-139.00
-30.00
229.00
537.00
646.00
630.00
526.00
465.00
402.00
318.00
208.00
50.00
4.00
111.00
227.00
378.00
341.00
322.00
381.00
392.00
473.00
570.00
758.00
823.00
547.00
-104.00
-224.00
-236.00
-178.00
-42.00
77.00
163.00
999999
200.00
163.00
163.00
203.00
163.00
152.00
268.00
314.00
227.00
272.00
235.00
277.00
249.00
267.00
277.00
258.00
274.00
249.00
190.00
121.00
39.00
-84.00
-174.00
-255.00
-154.00
345.00
525.00
658.00
630.00
556.00
471.00
376.00
336.00
162.00
67.00
4.00
112.00
318.00
404.00
383.00
360.00
411.00
464.00
535.00
733.00
931.00
695.00
155.00
-318.00
-365.00
-274.00
-107.00
80.00
999999
252.00
238.00
238.00
182.00
265.00
254.00
284.00
246.00
258.00
176.00
160.00
201.00
191.00
278.00
334.00
315.00
264.00
223.00
126.00
-21.00
-182.00
-314.00
-275.00
-1.00
323.00
671.00
873.00
771.00
579.00
454.00
304.00
116.00
30.00
-39.00
56.00
378.00
465.00
363.00
358.00
409.00
413.00
509.00
639.00
818.00
688.00
229.00
-158.00
-316.00
-308.00
-123.00
999999
207.00
207.00
207.00
204.00
222.00
227.00
305.00
293.00
231.00
195.00
205.00
234.00
272.00
279.00
313.00
307.00
301.00
247.00
222.00
184.00
106.00
25.00
-50.00
-113.00
-171.00
-110.00
88.00
377.00
611.00
672.00
631.00
516.00
421.00
351.00
231.00
157.00
122.00
53.00
56.00
244.00
373.00
418.00
363.00
361.00
366.00
432.00
540.00
679.00
751.00
628.00
288.00
-40.00
-270.00
-252.00
-106.00
16.00
999999
226.00
226.00
191.00
224.00
173.00
259.00
323.00
312.00
276.00
254.00
208.00
247.00
261.00
218.00
269.00
255.00
262.00
228.00
211.00
193.00
180.00
159.00
162.00
157.00
84.00
8.00
12.00
-16.00
28.00
190.00
311.00
484.00
570.00
544.00
505.00
421.00
360.00
237.00
173.00
96.00
68.00
49.00
130.00
214.00
366.00
430.00
369.00
379.00
415.00
383.00
399.00
502.00
626.00
667.00
544.00
149.00
-136.00
-174.00
-175.00
-129.00
24.00
106.00
999999
288.00
288.00
288.00
204.00
268.00
313.00
373.00
350.00
282.00
217.00
240.00
238.00
209.00
203.00
256.00
268.00
242.00
219.00
163.00
160.00
100.00
-5.00
-95.00
-134.00
-79.00
105.00
338.00
548.00
538.00
537.00
469.00
428.00
304.00
254.00
210.00
175.00
153.00
43.00
125.00
281.00
351.00
335.00
352.00
373.00
360.00
360.00
420.00
521.00
614.00
622.00
489.00
255.00
-50.00
-218.00
-237.00
-181.00
-34.00
999999
192.00
192.00
157.00
150.00
275.00
258.00
321.00
466.00
377.00
186.00
143.00
184.00
242.00
259.00
263.00
261.00
272.00
244.00
230.00
191.00
141.00
64.00
-20.00
-198.00
-262.00
-21.00
344.00
605.00
654.00
602.00
500.00
426.00
376.00
294.00
293.00
281.00
206.00
260.00
192.00
173.00
238.00
276.00
260.00
307.00
335.00
317.00
284.00
282.00
349.00
385.00
537.00
708.00
817.00
607.00
230.00
-146.00
-323.00
-258.00
-99.00
35.00
999999
184.00
184.00
184.00
192.00
289.00
324.00
378.00
389.00
327.00
272.00
242.00
180.00
155.00
129.00
130.00
135.00
139.00
183.00
180.00
183.00
175.00
173.00
117.00
83.00
16.00
-90.00
-122.00
-19.00
162.00
291.00
441.00
526.00
499.00
456.00
402.00
335.00
273.00
180.00
113.00
25.00
-26.00
-54.00
5.00
220.00
334.00
370.00
385.00
384.00
378.00
347.00
296.00
281.00
266.00
329.00
345.00
403.00
472.00
475.00
274.00
-58.00
-194.00
-155.00
-123.00
33.00
999999
999999
999999
195.00
179.00
179.00
235.00
160.00
123.00
188.00
296.00
290.00
224.00
200.00
243.00
296.00
317.00
332.00
288.00
267.00
220.00
126.00
-5.00
-164.00
-283.00
-305.00
50.00
504.00
743.00
699.00
599.00
485.00
451.00
345.00
219.00
13.00
90.00
129.00
209.00
426.00
371.00
341.00
328.00
373.00
348.00
386.00
507.00
607.00
735.00
611.00
253.00
-40.00
-246.00
-263.00
-159.00
-24.00
108.00
163.00
999999
318.00
318.00
318.00
132.00
131.00
195.00
260.00
413.00
361.00
266.00
226.00
175.00
231.00
266.00
273.00
264.00
263.00
236.00
183.00
176.00
145.00
99.00
26.00
-76.00
-179.00
-146.00
162.00
494.00
597.00
604.00
504.00
502.00
483.00
397.00
327.00
306.00
199.00
128.00
106.00
121.00
105.00
240.00
372.00
316.00
336.00
345.00
341.00
350.00
395.00
475.00
502.00
549.00
669.00
534.00
165.00
-181.00
-260.00
-208.00
-108.00
105.00
999999
217.00
197.00
197.00
207.00
256.00
401.00
380.00
260.00
202.00
163.00
150.00
158.00
203.00
244.00
262.00
272.00
244.00
241.00
175.00
173.00
101.00
66.00
-33.00
-112.00
-114.00
32.00
200.00
511.00
607.00
608.00
499.00
455.00
415.00
334.00
291.00
242.00
172.00
105.00
99.00
4.00
140.00
257.00
342.00
360.00
317.00
312.00
312.00
296.00
258.00
327.00
384.00
498.00
595.00
685.00
558.00
275.00
-59.00
-207.00
-247.00
-123.00
-15.00
111.00
232.00
999999
238.00
201.00
201.00
224.00
235.00
285.00
333.00
331.00
252.00
196.00
174.00
165.00
201.00
214.00
253.00
282.00
286.00
264.00
238.00
226.00
183.00
178.00
128.00
113.00
22.00
-36.00
-39.00
21.00
164.00
297.00
493.00
580.00
560.00
476.00
451.00
368.00
338.00
232.00
204.00
173.00
181.00
75.00
125.00
211.00
269.00
354.00
306.00
371.00
347.00
350.00
369.00
451.00
509.00
557.00
562.00
420.00
177.00
-10.00
-149.00
-124.00
-63.00
7.00
104.00
138.00
999999
189.00
189.00
189.00
169.00
244.00
342.00
369.00
348.00
243.00
216.00
207.00
172.00
219.00
244.00
246.00
274.00
258.00
233.00
216.00
219.00
182.00
149.00
117.00
18.00
-79.00
-111.00
-95.00
63.00
287.00
525.00
618.00
590.00
515.00
461.00
448.00
409.00
281.00
246.00
197.00
121.00
105.00
65.00
153.00
304.00
343.00
374.00
392.00
345.00
413.00
443.00
544.00
577.00
660.00
607.00
450.00
121.00
-167.00
-192.00
-233.00
-86.00
82.00
999999
270.00
270.00
270.00
252.00
260.00
357.00
336.00
284.00
199.00
203.00
193.00
223.00
220.00
245.00
268.00
260.00
265.00
238.00
191.00
178.00
119.00
82.00
3.00
-105.00
-119.00
-116.00
14.00
378.00
587.00
660.00
606.00
530.00
469.00
417.00
318.00
242.00
207.00
172.00
208.00
161.00
188.00
231.00
306.00
324.00
310.00
334.00
343.00
343.00
438.00
481.00
567.00
657.00
627.00
465.00
73.00
-186.00
-249.00
-178.00
-5.00
107.00
999999
235.00
216.00
216.00
214.00
243.00
230.00
246.00
321.00
267.00
196.00
189.00
150.00
242.00
267.00
290.00
329.00
310.00
281.00
244.00
230.00
220.00
206.00
165.00
125.00
3.00
-83.00
-122.00
-99.00
60.00
241.00
393.00
487.00
589.00
557.00
489.00
473.00
425.00
290.00
205.00
158.00
123.00
158.00
198.00
240.00
363.00
316.00
322.00
294.00
313.00
321.00
392.00
497.00
645.00
696.00
620.00
373.00
-100.00
-214.00
-136.00
-72.00
51.00
151.00
141.00
181.00
999999
264.00
264.00
264.00
238.00
202.00
260.00
370.00
390.00
322.00
235.00
153.00
108.00
140.00
151.00
233.00
276.00
291.00
276.00
293.00
250.00
240.00
222.00
186.00
140.00
110.00
46.00
-35.00
-97.00
-9.00
146.00
307.00
451.00
487.00
477.00
437.00
429.00
400.00
399.00
323.00
322.00
275.00
235.00
217.00
183.00
190.00
192.00
232.00
301.00
268.00
271.00
275.00
392.00
539.00
671.00
767.00
590.00
283.00
-61.00
-237.00
-235.00
-101.00
42.00
999999
240.00
240.00
240.00
242.00
206.00
242.00
281.00
301.00
221.00
164.00
183.00
189.00
235.00
300.00
337.00
354.00
335.00
250.00
183.00
122.00
50.00
-59.00
-139.00
-180.00
-101.00
110.00
415.00
601.00
651.00
609.00
549.00
465.00
442.00
318.00
239.00
137.00
128.00
129.00
205.00
272.00
330.00
377.00
360.00
331.00
390.00
469.00
589.00
646.00
675.00
512.00
205.00
-112.00
-309.00
-270.00
-60.00
999999
181.00
160.00
160.00
183.00
198.00
249.00
296.00
338.00
288.00
238.00
222.00
198.00
190.00
235.00
284.00
308.00
264.00
315.00
274.00
194.00
151.00
67.00
-15.00
-84.00
-131.00
-77.00
17.00
161.00
366.00
465.00
531.00
542.00
502.00
561.00
509.00
390.00
342.00
274.00
195.00
154.00
170.00
137.00
167.00
253.00
296.00
359.00
431.00
420.00
467.00
521.00
646.00
631.00
428.00
131.00
-118.00
-196.00
-185.00
-100.00
42.00
999999
203.00
203.00
192.00
216.00
267.00
322.00
348.00
287.00
250.00
152.00
158.00
200.00
196.00
245.00
284.00
281.00
277.00
245.00
174.00
126.00
17.00
-109.00
-157.00
-170.00
68.00
235.00
431.00
600.00
652.00
580.00
582.00
522.00
384.00
281.00
213.00
122.00
131.00
17.00
130.00
259.00
357.00
348.00
347.00
330.00
374.00
399.00
438.00
574.00
697.00
739.00
517.00
206.00
-88.00
-240.00
-242.00
-53.00
999999
334.00
334.00
334.00
222.00
246.00
270.00
276.00
316.00
261.00
237.00
203.00
253.00
250.00
296.00
283.00
251.00
221.00
169.00
85.00
-16.00
-114.00
-230.00
-164.00
33.00
369.00
626.00
717.00
670.00
528.00
469.00
329.00
229.00
160.00
80.00
-6.00
131.00
340.00
356.00
308.00
302.00
343.00
351.00
426.00
578.00
734.00
834.00
498.00
75.00
-152.00
-319.00
-275.00
-112.00
88.00
191.00
999999
238.00
238.00
238.00
220.00
246.00
228.00
258.00
372.00
333.00
270.00
234.00
199.00
194.00
244.00
214.00
238.00
248.00
242.00
238.00
207.00
200.00
172.00
194.00
190.00
186.00
175.00
132.00
41.00
31.00
36.00
68.00
155.00
239.00
366.00
457.00
497.00
495.00
432.00
375.00
350.00
309.00
228.00
196.00
205.00
135.00
147.00
255.00
257.00
275.00
322.00
325.00
341.00
355.00
418.00
439.00
458.00
561.00
518.00
371.00
170.00
-22.00
-136.00
-133.00
-57.00
58.00
146.00
999999
259.00
217.00
217.00
225.00
265.00
251.00
325.00
242.00
171.00
166.00
234.00
251.00
237.00
273.00
310.00
274.00
287.00
255.00
233.00
225.00
196.00
147.00
75.00
-30.00
-99.00
-128.00
5.00
283.00
450.00
586.00
621.00
571.00
427.00
346.00
301.00
289.00
193.00
185.00
214.00
185.00
260.00
252.00
234.00
247.00
291.00
302.00
250.00
242.00
306.00
376.00
451.00
546.00
623.00
712.00
464.00
105.00
-103.00
-175.00
-198.00
-51.00
102.00
154.00
999999
216.00
216.00
184.00
228.00
272.00
353.00
304.00
299.00
217.00
228.00
184.00
190.00
202.00
234.00
276.00
250.00
246.00
260.00
196.00
192.00
133.00
77.00
25.00
-54.00
-164.00
84.00
179.00
423.00
570.00
636.00
572.00
456.00
377.00
301.00
219.00
241.00
208.00
174.00
248.00
258.00
219.00
226.00
239.00
213.00
248.00
320.00
312.00
373.00
398.00
466.00
509.00
533.00
511.00
458.00
310.00
-8.00
-78.00
-83.00
-11.00
84.00
83.00
999999
236.00
236.00
227.00
208.00
222.00
274.00
359.00
328.00
278.00
232.00
213.00
212.00
214.00
220.00
265.00
276.00
255.00
202.00
163.00
21.00
-112.00
-188.00
-193.00
-52.00
197.00
488.00
609.00
668.00
599.00
515.00
393.00
286.00
145.00
68.00
-9.00
101.00
338.00
404.00
336.00
311.00
317.00
366.00
453.00
496.00
536.00
672.00
578.00
326.00
90.00
-154.00
-233.00
-122.00
-1.00
999999
195.00
206.00
206.00
162.00
231.00
371.00
396.00
278.00
197.00
200.00
164.00
193.00
235.00
235.00
290.00
285.00
258.00
246.00
195.00
147.00
67.00
-22.00
-106.00
-158.00
-109.00
158.00
441.00
554.00
547.00
551.00
488.00
448.00
386.00
330.00
272.00
182.00
205.00
191.00
185.00
167.00
226.00
247.00
264.00
315.00
312.00
301.00
328.00
417.00
447.00
477.00
519.00
601.00
598.00
413.00
128.00
-148.00
-226.00
-178.00
-44.00
125.00
999999
132.00
167.00
167.00
330.00
363.00
423.00
427.00
378.00
214.00
148.00
97.00
101.00
112.00
137.00
190.00
199.00
210.00
223.00
202.00
189.00
177.00
94.00
32.00
-143.00
-166.00
42.00
113.00
391.00
624.00
629.00
533.00
518.00
409.00
261.00
153.00
95.00
-20.00
-57.00
98.00
272.00
388.00
419.00
394.00
375.00
362.00
369.00
354.00
368.00
490.00
667.00
614.00
381.00
146.00
-81.00
-163.00
-150.00
-43.00
999999
225.00
225.00
195.00
260.00
348.00
361.00
420.00
332.00
235.00
159.00
120.00
117.00
111.00
146.00
186.00
215.00
233.00
205.00
193.00
146.00
99.00
29.00
-29.00
-115.00
-162.00
-85.00
131.00
377.00
612.00
679.00
563.00
461.00
370.00
284.00
225.00
154.00
47.00
82.00
125.00
224.00
306.00
344.00
331.00
333.00
315.00
337.00
339.00
394.00
456.00
569.00
651.00
544.00
248.00
33.00
-121.00
-142.00
-77.00
46.00
87.00
999999
233.00
233.00
233.00
265.00
404.00
419.00
449.00
425.00
337.00
148.00
46.00
47.00
24.00
37.00
110.00
113.00
198.00
207.00
180.00
198.00
184.00
120.00
76.00
37.00
-63.00
-110.00
-131.00
-3.00
137.00
430.00
596.00
541.00
452.00
361.00
291.00
241.00
164.00
65.00
-62.00
-121.00
-52.00
172.00
397.00
438.00
404.00
403.00
335.00
276.00
271.00
343.00
376.00
508.00
594.00
581.00
273.00
-107.00
-242.00
-161.00
-72.00
25.00
999999
232.00
232.00
232.00
241.00
338.00
439.00
402.00
338.00
228.00
142.00
102.00
72.00
93.00
150.00
231.00
207.00
224.00
220.00
213.00
179.00
27.00
-58.00
-132.00
-198.00
-88.00
139.00
460.00
624.00
554.00
505.00
447.00
371.00
294.00
187.00
76.00
28.00
-111.00
50.00
342.00
434.00
389.00
369.00
389.00
314.00
322.00
335.00
447.00
510.00
561.00
540.00
217.00
-4.00
-146.00
-156.00
-108.00
67.00
999999
218.00
276.00
276.00
244.00
320.00
351.00
384.00
396.00
366.00
234.00
124.00
87.00
55.00
74.00
81.00
134.00
182.00
210.00
191.00
199.00
193.00
133.00
78.00
10.00
-42.00
-122.00
-95.00
-18.00
171.00
430.00
580.00
571.00
477.00
368.00
284.00
199.00
97.00
-66.00
-146.00
-74.00
295.00
438.00
436.00
446.00
398.00
334.00
289.00
290.00
380.00
486.00
451.00
497.00
340.00
147.00
-114.00
-129.00
-73.00
-28.00
999999
239.00
239.00
239.00
283.00
278.00
336.00
342.00
375.00
309.00
234.00
171.00
135.00
151.00
122.00
157.00
225.00
225.00
217.00
240.00
190.00
190.00
163.00
86.00
56.00
-44.00
-111.00
-78.00
71.00
239.00
438.00
579.00
536.00
486.00
394.00
287.00
252.00
189.00
113.00
33.00
53.00
90.00
277.00
335.00
350.00
377.00
392.00
344.00
295.00
292.00
365.00
475.00
541.00
468.00
335.00
53.00
-100.00
-107.00
-45.00
4.00
72.00
128.00
176.00
999999
243.00
243.00
226.00
302.00
312.00
313.00
365.00
392.00
256.00
190.00
149.00
120.00
122.00
139.00
175.00
206.00
199.00
199.00
222.00
198.00
216.00
188.00
142.00
97.00
40.00
-29.00
-104.00
-74.00
9.00
228.00
424.00
584.00
572.00
503.00
388.00
322.00
263.00
186.00
138.00
92.00
18.00
-36.00
68.00
223.00
390.00
392.00
349.00
409.00
301.00
258.00
232.00
358.00
383.00
490.00
501.00
538.00
367.00
69.00
-84.00
-133.00
-140.00
-32.00
68.00
114.00
156.00
221.00
235.00
999999
209.00
209.00
198.00
218.00
318.00
393.00
459.00
374.00
238.00
180.00
130.00
77.00
116.00
94.00
185.00
215.00
219.00
227.00
197.00
204.00
183.00
154.00
120.00
73.00
-17.00
-120.00
-115.00
-106.00
120.00
397.00
578.00
597.00
486.00
432.00
359.00
295.00
254.00
207.00
129.00
72.00
-34.00
-74.00
113.00
221.00
322.00
438.00
393.00
401.00
323.00
271.00
237.00
312.00
334.00
372.00
484.00
568.00
395.00
185.00
-104.00
-132.00
-78.00
-48.00
-3.00
133.00
130.00
999999
209.00
209.00
198.00
218.00
318.00
393.00
459.00
374.00
238.00
180.00
130.00
77.00
116.00
94.00
185.00
215.00
219.00
227.00
197.00
204.00
183.00
154.00
120.00
73.00
-17.00
-120.00
-115.00
-106.00
120.00
397.00
578.00
597.00
486.00
432.00
359.00
295.00
254.00
207.00
129.00
72.00
-34.00
-74.00
113.00
221.00
322.00
438.00
393.00
401.00
323.00
271.00
237.00
312.00
334.00
372.00
484.00
568.00
395.00
185.00
-104.00
-132.00
-78.00
-48.00
-3.00
133.00
130.00
999999
200.00
164.00
164.00
219.00
295.00
293.00
342.00
311.00
289.00
202.00
148.00
150.00
162.00
213.00
221.00
260.00
262.00
268.00
259.00
228.00
200.00
142.00
86.00
31.00
-18.00
-80.00
-35.00
74.00
246.00
348.00
470.00
464.00
433.00
453.00
408.00
347.00
294.00
247.00
198.00
133.00
74.00
111.00
108.00
159.00
274.00
345.00
342.00
361.00
338.00
291.00
273.00
252.00
281.00
335.00
429.00
552.00
643.00
617.00
225.00
17.00
-114.00
-165.00
-36.00
-10.00
67.00
116.00
215.00
999999
238.00
238.00
238.00
205.00
352.00
369.00
426.00
405.00
313.00
240.00
205.00
152.00
130.00
101.00
120.00
173.00
219.00
238.00
221.00
182.00
136.00
54.00
-63.00
-140.00
-178.00
-105.00
74.00
300.00
540.00
576.00
610.00
545.00
413.00
342.00
188.00
95.00
26.00
-27.00
62.00
139.00
281.00
374.00
412.00
420.00
382.00
369.00
326.00
311.00
394.00
500.00
639.00
606.00
356.00
-41.00
-236.00
-223.00
-105.00
8.00
131.00
999999
259.00
243.00
243.00
287.00
328.00
375.00
409.00
347.00
292.00
216.00
119.00
105.00
90.00
116.00
105.00
200.00
217.00
211.00
206.00
173.00
116.00
58.00
4.00
-90.00
-117.00
-49.00
56.00
226.00
454.00
567.00
542.00
488.00
385.00
315.00
226.00
159.00
52.00
-3.00
-52.00
-67.00
108.00
286.00
382.00
393.00
378.00
344.00
318.00
310.00
368.00
389.00
403.00
438.00
498.00
405.00
180.00
-57.00
-160.00
-99.00
-40.00
35.00
999999
319.00
319.00
276.00
282.00
377.00
492.00
367.00
230.00
174.00
122.00
73.00
73.00
93.00
127.00
165.00
175.00
166.00
125.00
82.00
22.00
2.00
-73.00
-109.00
-92.00
79.00
236.00
519.00
641.00
641.00
520.00
408.00
270.00
166.00
144.00
-21.00
-62.00
-73.00
94.00
307.00
359.00
394.00
385.00
386.00
331.00
339.00
414.00
453.00
584.00
684.00
545.00
212.00
-124.00
-221.00
-185.00
-90.00
8.00
107.00
138.00
999999
220.00
217.00
217.00
253.00
321.00
399.00
328.00
250.00
188.00
188.00
176.00
159.00
181.00
192.00
210.00
235.00
229.00
213.00
222.00
249.00
239.00
162.00
100.00
42.00
-24.00
-109.00
-95.00
43.00
210.00
486.00
539.00
536.00
500.00
460.00
369.00
301.00
205.00
142.00
99.00
79.00
104.00
183.00
293.00
351.00
357.00
396.00
360.00
318.00
326.00
380.00
480.00
527.00
532.00
417.00
291.00
173.00
8.00
-68.00
-41.00
-34.00
62.00
999999
256.00
256.00
246.00
288.00
410.00
472.00
495.00
350.00
254.00
96.00
35.00
6.00
25.00
29.00
85.00
142.00
191.00
188.00
161.00
98.00
36.00
-58.00
-124.00
-143.00
-41.00
164.00
348.00
477.00
486.00
478.00
418.00
341.00
265.00
96.00
28.00
-112.00
-184.00
8.00
246.00
407.00
412.00
367.00
379.00
311.00
290.00
323.00
374.00
445.00
430.00
418.00
311.00
110.00
-65.00
-87.00
-105.00
-50.00
41.00
999999
162.00
141.00
141.00
207.00
418.00
549.00
577.00
446.00
254.00
66.00
20.00
14.00
-13.00
12.00
118.00
176.00
191.00
191.00
206.00
224.00
193.00
176.00
145.00
104.00
18.00
-160.00
-108.00
28.00
195.00
354.00
585.00
535.00
459.00
381.00
282.00
147.00
83.00
-21.00
-87.00
-4.00
219.00
398.00
427.00
414.00
386.00
359.00
279.00
277.00
386.00
524.00
658.00
621.00
316.00
21.00
-224.00
-195.00
-117.00
25.00
999999
198.00
198.00
198.00
284.00
468.00
504.00
344.00
269.00
242.00
159.00
118.00
108.00
112.00
142.00
176.00
198.00
195.00
181.00
191.00
190.00
175.00
135.00
55.00
-79.00
-140.00
-86.00
22.00
183.00
462.00
609.00
555.00
531.00
452.00
355.00
207.00
138.00
130.00
-17.00
66.00
267.00
345.00
348.00
395.00
377.00
339.00
292.00
367.00
424.00
516.00
586.00
572.00
396.00
142.00
-26.00
-130.00
-130.00
-96.00
999999
193.00
227.00
227.00
299.00
282.00
309.00
350.00
318.00
287.00
168.00
140.00
180.00
191.00
179.00
219.00
217.00
214.00
206.00
226.00
225.00
183.00
185.00
186.00
168.00
118.00
88.00
2.00
-71.00
-46.00
95.00
251.00
397.00
451.00
489.00
474.00
454.00
402.00
299.00
225.00
110.00
90.00
110.00
141.00
216.00
309.00
351.00
356.00
395.00
339.00
311.00
348.00
440.00
558.00
634.00
621.00
339.00
23.00
-187.00
-208.00
-113.00
31.00
155.00
999999
253.00
253.00
179.00
208.00
275.00
381.00
426.00
249.00
233.00
203.00
182.00
197.00
174.00
222.00
233.00
257.00
205.00
245.00
192.00
147.00
77.00
38.00
-27.00
-130.00
-97.00
-3.00
186.00
363.00
487.00
583.00
661.00
538.00
424.00
360.00
247.00
155.00
134.00
90.00
87.00
247.00
306.00
365.00
420.00
370.00
379.00
433.00
459.00
585.00
702.00
662.00
385.00
63.00
-139.00
-171.00
-95.00
4.00
999999
206.00
202.00
202.00
275.00
337.00
355.00
432.00
362.00
254.00
142.00
147.00
173.00
172.00
182.00
246.00
266.00
230.00
198.00
112.00
66.00
-3.00
-61.00
-94.00
-6.00
65.00
194.00
327.00
473.00
589.00
592.00
516.00
417.00
319.00
196.00
210.00
133.00
152.00
184.00
239.00
290.00
327.00
325.00
341.00
343.00
378.00
432.00
551.00
639.00
637.00
485.00
222.00
-51.00
-160.00
-181.00
-56.00
999999
325.00
325.00
325.00
249.00
242.00
267.00
373.00
350.00
265.00
228.00
206.00
160.00
151.00
183.00
241.00
249.00
231.00
199.00
-9.00
-86.00
-135.00
-210.00
-70.00
201.00
401.00
569.00
621.00
603.00
480.00
358.00
198.00
75.00
59.00
130.00
321.00
433.00
376.00
368.00
351.00
388.00
375.00
524.00
763.00
843.00
700.00
311.00
-70.00
-295.00
-270.00
999999
221.00
298.00
298.00
251.00
338.00
412.00
443.00
411.00
302.00
191.00
119.00
32.00
1.00
-30.00
-36.00
15.00
71.00
75.00
39.00
26.00
-56.00
-85.00
-146.00
-44.00
92.00
218.00
390.00
508.00
506.00
386.00
321.00
207.00
-20.00
-201.00
-358.00
-210.00
82.00
317.00
420.00
442.00
385.00
368.00
308.00
288.00
319.00
343.00
443.00
350.00
85.00
-68.00
-136.00
-95.00
-22.00
999999
260.00
260.00
260.00
374.00
475.00
502.00
460.00
278.00
59.00
-89.00
-171.00
-201.00
-180.00
-82.00
-19.00
9.00
-21.00
-2.00
-23.00
-61.00
-71.00
-39.00
46.00
192.00
354.00
386.00
368.00
268.00
144.00
123.00
-21.00
-114.00
-368.00
-355.00
-167.00
248.00
433.00
476.00
449.00
387.00
306.00
206.00
127.00
200.00
201.00
269.00
302.00
236.00
91.00
-116.00
-136.00
-80.00
14.00
999999
166.00
166.00
166.00
264.00
470.00
577.00
586.00
422.00
227.00
48.00
-55.00
-95.00
-88.00
-35.00
89.00
111.00
137.00
83.00
29.00
5.00
-86.00
-127.00
-72.00
21.00
169.00
410.00
521.00
543.00
461.00
407.00
278.00
213.00
138.00
-85.00
-224.00
-237.00
-143.00
298.00
436.00
468.00
453.00
414.00
322.00
311.00
345.00
421.00
582.00
592.00
326.00
-118.00
-221.00
-177.00
-55.00
2.00
999999
119.00
119.00
115.00
279.00
392.00
409.00
489.00
433.00
281.00
133.00
11.00
-36.00
-118.00
-104.00
-62.00
-13.00
31.00
75.00
91.00
96.00
57.00
27.00
38.00
-44.00
-99.00
-19.00
67.00
125.00
226.00
327.00
316.00
321.00
244.00
224.00
193.00
69.00
-95.00
-258.00
-423.00
-235.00
187.00
478.00
480.00
437.00
349.00
258.00
180.00
157.00
212.00
239.00
272.00
205.00
47.00
-59.00
-112.00
-68.00
999999
160.00
160.00
160.00
234.00
392.00
464.00
440.00
389.00
202.00
48.00
-89.00
-140.00
-178.00
-130.00
-40.00
14.00
35.00
52.00
79.00
82.00
87.00
87.00
58.00
34.00
7.00
-31.00
-18.00
8.00
27.00
117.00
227.00
263.00
259.00
223.00
169.00
101.00
-16.00
-41.00
-216.00
-296.00
-247.00
-62.00
127.00
299.00
355.00
367.00
344.00
290.00
264.00
192.00
51.00
128.00
132.00
157.00
145.00
45.00
-39.00
-53.00
-29.00
999999
190.00
178.00
178.00
187.00
253.00
297.00
301.00
372.00
402.00
334.00
229.00
193.00
163.00
143.00
101.00
139.00
158.00
182.00
168.00
182.00
193.00
177.00
131.00
93.00
49.00
-12.00
-84.00
-41.00
68.00
133.00
352.00
426.00
459.00
408.00
379.00
391.00
333.00
239.00
178.00
127.00
13.00
-2.00
-13.00
74.00
293.00
339.00
358.00
424.00
406.00
333.00
327.00
388.00
452.00
476.00
541.00
437.00
181.00
-11.00
-154.00
-199.00
-80.00
41.00
999999
140.00
140.00
153.00
225.00
264.00
332.00
404.00
421.00
365.00
258.00
139.00
69.00
8.00
-76.00
-69.00
2.00
18.00
77.00
132.00
116.00
97.00
120.00
151.00
148.00
165.00
152.00
127.00
72.00
82.00
-51.00
-76.00
-81.00
-22.00
167.00
266.00
359.00
341.00
268.00
167.00
99.00
34.00
-5.00
-73.00
-232.00
-413.00
-169.00
310.00
439.00
477.00
364.00
263.00
195.00
265.00
385.00
244.00
142.00
-9.00
-72.00
-100.00
-79.00
999999
81.00
81.00
70.00
87.00
196.00
336.00
416.00
520.00
450.00
281.00
30.00
-123.00
-166.00
-198.00
-203.00
-126.00
0.00
55.00
110.00
77.00
3.00
-27.00
-47.00
55.00
133.00
187.00
194.00
252.00
221.00
158.00
110.00
7.00
-133.00
-362.00
-325.00
-109.00
223.00
343.00
359.00
265.00
201.00
173.00
163.00
105.00
126.00
134.00
182.00
161.00
30.00
-30.00
-43.00
-83.00
-60.00
-14.00
6.00
34.00
999999
37.00
37.00
37.00
60.00
205.00
417.00
393.00
435.00
398.00
300.00
134.00
-85.00
-163.00
-250.00
-269.00
-182.00
-54.00
48.00
164.00
167.00
103.00
69.00
-12.00
-65.00
-98.00
-143.00
-50.00
65.00
152.00
256.00
180.00
127.00
81.00
64.00
10.00
-42.00
-196.00
-493.00
-580.00
-212.00
423.00
443.00
398.00
325.00
201.00
121.00
82.00
67.00
39.00
22.00
82.00
90.00
144.00
57.00
-13.00
-32.00
-35.00
999999
80.00
40.00
40.00
138.00
340.00
360.00
460.00
460.00
233.00
62.00
-97.00
-201.00
-250.00
-212.00
-113.00
-8.00
48.00
95.00
102.00
91.00
56.00
11.00
-37.00
-71.00
-129.00
-24.00
60.00
168.00
181.00
190.00
199.00
131.00
88.00
-19.00
-96.00
-208.00
-369.00
-360.00
-78.00
267.00
387.00
294.00
260.00
244.00
167.00
76.00
58.00
30.00
73.00
76.00
105.00
-11.00
-17.00
-1.00
-24.00
999999
80.00
40.00
40.00
138.00
340.00
360.00
460.00
460.00
233.00
62.00
-97.00
-201.00
-250.00
-212.00
-113.00
-8.00
48.00
95.00
102.00
91.00
56.00
11.00
-37.00
-71.00
-129.00
-24.00
60.00
168.00
181.00
190.00
199.00
131.00
88.00
-19.00
-96.00
-208.00
-369.00
-360.00
-78.00
267.00
387.00
294.00
260.00
244.00
167.00
76.00
58.00
30.00
73.00
76.00
105.00
-11.00
-17.00
-1.00
-24.00
999999
330.00
330.00
330.00
226.00
194.00
250.00
284.00
274.00
368.00
357.00
350.00
241.00
189.00
110.00
132.00
91.00
122.00
128.00
171.00
188.00
196.00
185.00
140.00
109.00
65.00
-38.00
-47.00
-64.00
83.00
147.00
317.00
421.00
426.00
383.00
353.00
272.00
251.00
185.00
165.00
95.00
34.00
-30.00
66.00
150.00
325.00
333.00
332.00
330.00
290.00
233.00
304.00
343.00
415.00
440.00
473.00
481.00
402.00
253.00
87.00
-94.00
-127.00
-124.00
5.00
105.00
104.00
999999
314.00
314.00
314.00
233.00
358.00
382.00
389.00
408.00
324.00
171.00
119.00
42.00
28.00
1.00
59.00
69.00
108.00
139.00
178.00
200.00
173.00
149.00
39.00
-9.00
-80.00
-88.00
-55.00
37.00
162.00
347.00
380.00
400.00
362.00
319.00
256.00
208.00
106.00
38.00
-76.00
-232.00
-198.00
-15.00
281.00
414.00
368.00
365.00
303.00
260.00
210.00
233.00
271.00
338.00
373.00
421.00
229.00
17.00
-104.00
-116.00
-159.00
-27.00
999999
128.00
128.00
128.00
139.00
295.00
388.00
397.00
390.00
338.00
199.00
21.00
-31.00
-64.00
-51.00
-67.00
-38.00
-26.00
20.00
62.00
109.00
74.00
38.00
37.00
23.00
2.00
-24.00
-92.00
-28.00
75.00
224.00
191.00
219.00
190.00
121.00
90.00
39.00
-65.00
-131.00
-197.00
-416.00
-250.00
-21.00
267.00
342.00
352.00
269.00
193.00
136.00
103.00
101.00
127.00
109.00
119.00
121.00
176.00
224.00
9.00
-70.00
-9.00
-88.00
-86.00
-2.00
999999
123.00
123.00
123.00
116.00
197.00
318.00
376.00
368.00
364.00
179.00
46.00
-64.00
-70.00
-115.00
-150.00
-105.00
-30.00
22.00
67.00
88.00
84.00
50.00
12.00
-58.00
-86.00
-111.00
-45.00
72.00
202.00
207.00
170.00
142.00
107.00
76.00
28.00
-32.00
-152.00
-336.00
-491.00
-417.00
45.00
395.00
456.00
387.00
303.00
173.00
115.00
73.00
57.00
30.00
45.00
38.00
83.00
46.00
37.00
6.00
-77.00
999999
53.00
53.00
53.00
109.00
200.00
277.00
304.00
356.00
316.00
100.00
-13.00
-64.00
-113.00
-206.00
-180.00
-190.00
-141.00
-53.00
-69.00
-63.00
-51.00
-17.00
-41.00
31.00
9.00
34.00
86.00
68.00
26.00
-3.00
30.00
-65.00
-143.00
-229.00
-393.00
-387.00
-219.00
71.00
250.00
237.00
240.00
172.00
117.00
54.00
44.00
19.00
11.00
2.00
9.00
53.00
54.00
-13.00
-8.00
-25.00
-24.00
-4.00
-13.00
999999
191.00
296.00
296.00
239.00
272.00
303.00
307.00
365.00
251.00
165.00
186.00
200.00
187.00
228.00
255.00
239.00
243.00
230.00
209.00
145.00
112.00
15.00
-49.00
-120.00
7.00
105.00
288.00
454.00
505.00
475.00
460.00
381.00
274.00
193.00
125.00
20.00
101.00
306.00
321.00
328.00
304.00
342.00
348.00
403.00
431.00
528.00
631.00
620.00
510.00
215.00
-68.00
-121.00
-118.00
-92.00
999999
