58.00
58.00
82.00
188.00
341.00
466.00
514.00
329.00
136.00
3.00
-125.00
-222.00
-261.00
-259.00
-223.00
-191.00
-148.00
-127.00
-71.00
-77.00
-44.00
-58.00
20.00
66.00
180.00
240.00
88.00
-78.00
-129.00
-129.00
-87.00
-114.00
-245.00
-326.00
-512.00
-313.00
87.00
322.00
389.00
343.00
238.00
102.00
-60.00
-150.00
-164.00
-67.00
-18.00
-4.00
-8.00
9.00
28.00
0.00
-20.00
34.00
50.00
999999
-10.00
-10.00
-10.00
2.00
37.00
310.00
525.00
639.00
378.00
-71.00
-409.00
-478.00
-378.00
-210.00
-110.00
-22.00
-14.00
-9.00
-48.00
15.00
4.00
19.00
36.00
-10.00
15.00
-35.00
5.00
9.00
-87.00
-65.00
-25.00
-37.00
-128.00
-419.00
-695.00
-560.00
-84.00
493.00
576.00
352.00
187.00
53.00
-8.00
-136.00
-171.00
-144.00
-3.00
-3.00
89.00
76.00
-80.00
-22.00
-36.00
60.00
49.00
39.00
31.00
999999
47.00
47.00
47.00
138.00
376.00
476.00
578.00
340.00
-15.00
-280.00
-351.00
-336.00
-305.00
-209.00
-112.00
-79.00
-22.00
-16.00
11.00
27.00
42.00
2.00
55.00
20.00
48.00
-9.00
-81.00
-100.00
-137.00
-85.00
-34.00
-37.00
-84.00
-123.00
-276.00
-374.00
-332.00
-101.00
249.00
324.00
276.00
148.00
42.00
-22.00
-36.00
-71.00
-105.00
-185.00
-111.00
-79.00
-116.00
-22.00
48.00
86.00
87.00
62.00
2.00
-12.00
999999
4.00
49.00
49.00
116.00
361.00
598.00
591.00
338.00
-148.00
-352.00
-362.00
-239.00
-207.00
-94.00
-60.00
-63.00
-35.00
-29.00
14.00
-3.00
-25.00
36.00
24.00
-21.00
69.00
89.00
-55.00
-90.00
-58.00
-31.00
-32.00
-21.00
15.00
4.00
-153.00
-533.00
-651.00
-466.00
185.00
390.00
345.00
242.00
145.00
79.00
-16.00
-83.00
-181.00
-142.00
-76.00
-106.00
-84.00
38.00
56.00
68.00
63.00
42.00
68.00
46.00
3.00
-1.00
-21.00
22.00
-10.00
999999
21.00
21.00
21.00
113.00
335.00
597.00
598.00
256.00
-264.00
-360.00
-337.00
-280.00
-104.00
-80.00
-67.00
-123.00
-101.00
-90.00
-63.00
-20.00
-19.00
-20.00
18.00
76.00
73.00
-23.00
-2.00
-98.00
24.00
64.00
-66.00
-124.00
-159.00
-146.00
-127.00
-92.00
-43.00
-46.00
-34.00
-151.00
-331.00
-434.00
-232.00
95.00
291.00
258.00
226.00
190.00
53.00
-3.00
-16.00
-44.00
-57.00
-56.00
-119.00
-234.00
-182.00
-156.00
-22.00
49.00
31.00
87.00
52.00
26.00
12.00
34.00
42.00
2.00
9.00
-6.00
-46.00
999999
-109.00
-84.00
-84.00
-86.00
-8.00
222.00
388.00
209.00
66.00
-5.00
-172.00
-312.00
-397.00
-400.00
-381.00
-296.00
-222.00
-215.00
-182.00
-162.00
-168.00
-95.00
-28.00
43.00
111.00
126.00
59.00
-2.00
-211.00
-379.00
-452.00
-465.00
-427.00
-333.00
-262.00
-199.00
-180.00
-221.00
-317.00
-599.00
-488.00
-242.00
2.00
127.00
114.00
15.00
-1.00
-63.00
-131.00
-191.00
-248.00
-277.00
-369.00
-483.00
-501.00
-482.00
-373.00
-161.00
44.00
66.00
62.00
51.00
31.00
-60.00
-96.00
-66.00
-105.00
999999
-264.00
-264.00
-274.00
-235.00
-169.00
-196.00
-254.00
-388.00
-208.00
-205.00
-195.00
-247.00
-198.00
-254.00
-248.00
-255.00
-217.00
-226.00
-196.00
-132.00
-53.00
1.00
69.00
221.00
230.00
42.00
-289.00
-735.00
-806.00
-753.00
-639.00
-444.00
-398.00
-304.00
-307.00
-258.00
-228.00
-216.00
-213.00
-258.00
-344.00
-255.00
-220.00
-226.00
-289.00
-255.00
-193.00
-246.00
-232.00
-262.00
-246.00
-308.00
-405.00
-504.00
-708.00
-880.00
-833.00
-438.00
34.00
357.00
327.00
250.00
64.00
-90.00
-124.00
-225.00
999999
-257.00
-257.00
-257.00
-285.00
-262.00
-364.00
-398.00
-224.00
-156.00
-167.00
-241.00
-200.00
-203.00
-223.00
-225.00
-228.00
-224.00
-251.00
-218.00
-138.00
-35.00
-6.00
38.00
-19.00
-1.00
162.00
-144.00
-341.00
-480.00
-714.00
-665.00
-552.00
-460.00
-366.00
-370.00
-318.00
-329.00
-333.00
-317.00
-244.00
-149.00
-158.00
-170.00
-186.00
-221.00
-233.00
-253.00
-258.00
-308.00
-299.00
-386.00
-550.00
-699.00
-765.00
-740.00
-414.00
-4.00
138.00
181.00
117.00
-34.00
-68.00
-109.00
-226.00
-219.00
999999
-42.00
-52.00
-52.00
3.00
162.00
363.00
547.00
577.00
300.00
-110.00
-236.00
-345.00
-416.00
-354.00
-246.00
-190.00
-108.00
-45.00
-26.00
-19.00
38.00
33.00
33.00
-1.00
55.00
17.00
37.00
-61.00
-213.00
-205.00
-184.00
-154.00
-142.00
-147.00
-116.00
-170.00
-389.00
-643.00
-443.00
-123.00
240.00
360.00
334.00
218.00
141.00
47.00
29.00
-4.00
-93.00
-170.00
-153.00
-95.00
-105.00
-55.00
27.00
22.00
-13.00
43.00
31.00
32.00
42.00
999999
91.00
83.00
83.00
86.00
152.00
347.00
581.00
427.00
206.00
43.00
-88.00
-116.00
-133.00
-125.00
-104.00
-88.00
-71.00
-66.00
-52.00
-29.00
25.00
48.00
53.00
46.00
-80.00
-30.00
87.00
82.00
42.00
105.00
50.00
25.00
32.00
45.00
56.00
10.00
61.00
33.00
25.00
7.00
-117.00
-183.00
-276.00
-264.00
-190.00
149.00
296.00
300.00
263.00
234.00
172.00
136.00
119.00
80.00
71.00
40.00
63.00
47.00
40.00
48.00
28.00
23.00
6.00
-1.00
-34.00
3.00
13.00
42.00
16.00
53.00
43.00
45.00
28.00
999999
-29.00
-9.00
-9.00
83.00
222.00
468.00
736.00
658.00
224.00
-185.00
-388.00
-378.00
-357.00
-302.00
-230.00
-151.00
-91.00
-63.00
-42.00
-14.00
-25.00
-2.00
-3.00
47.00
-3.00
35.00
25.00
14.00
47.00
-8.00
-71.00
-106.00
-55.00
-58.00
-60.00
-64.00
-18.00
-20.00
7.00
3.00
-75.00
-120.00
-464.00
-709.00
-515.00
-2.00
373.00
497.00
426.00
290.00
182.00
67.00
47.00
-2.00
-58.00
-97.00
-100.00
-128.00
-111.00
-87.00
-75.00
-44.00
-21.00
-23.00
-43.00
1.00
33.00
41.00
65.00
47.00
35.00
999999
5.00
5.00
3.00
2.00
114.00
232.00
422.00
447.00
362.00
133.00
-88.00
-235.00
-329.00
-307.00
-291.00
-194.00
-161.00
-104.00
-56.00
-25.00
-15.00
-12.00
17.00
14.00
55.00
-93.00
-1.00
121.00
40.00
-22.00
-148.00
-99.00
-55.00
-86.00
-64.00
-25.00
-25.00
-9.00
-52.00
-31.00
-46.00
-20.00
-40.00
-79.00
-311.00
-548.00
-610.00
-172.00
138.00
396.00
392.00
304.00
196.00
93.00
39.00
0.00
-36.00
-108.00
-155.00
-150.00
-106.00
-62.00
-27.00
-10.00
21.00
48.00
64.00
-18.00
-39.00
-4.00
19.00
6.00
999999
-251.00
-262.00
-262.00
-221.00
-162.00
-212.00
-335.00
-338.00
-206.00
-148.00
-200.00
-254.00
-220.00
-241.00
-212.00
-252.00
-232.00
-235.00
-231.00
-190.00
-111.00
53.00
121.00
116.00
214.00
76.00
-195.00
-482.00
-715.00
-817.00
-671.00
-520.00
-434.00
-428.00
-342.00
-285.00
-300.00
-238.00
-232.00
-160.00
-68.00
-67.00
-199.00
-290.00
-302.00
-357.00
-333.00
-343.00
-328.00
-257.00
-263.00
-283.00
-355.00
-577.00
-768.00
-1047.00
-758.00
-385.00
81.00
342.00
375.00
255.00
89.00
-147.00
-191.00
-223.00
-226.00
999999
45.00
86.00
86.00
276.00
439.00
515.00
362.00
216.00
15.00
-102.00
-254.00
-248.00
-257.00
-211.00
-152.00
-109.00
-72.00
-29.00
-33.00
2.00
14.00
-42.00
15.00
12.00
91.00
100.00
61.00
-64.00
-65.00
-63.00
-63.00
-78.00
-41.00
-6.00
10.00
-24.00
-44.00
-83.00
-159.00
-387.00
-522.00
-427.00
-82.00
265.00
362.00
381.00
253.00
161.00
89.00
43.00
4.00
-78.00
-130.00
-157.00
-58.00
-25.00
-60.00
-37.00
-6.00
-38.00
87.00
80.00
50.00
34.00
999999
35.00
35.00
59.00
104.00
217.00
368.00
613.00
627.00
393.00
197.00
-46.00
-201.00
-278.00
-324.00
-233.00
-187.00
-120.00
-54.00
-15.00
13.00
50.00
43.00
61.00
42.00
3.00
-2.00
-28.00
-25.00
-50.00
83.00
133.00
19.00
-27.00
-37.00
-46.00
-31.00
-10.00
-6.00
-13.00
-35.00
-34.00
-82.00
-196.00
-636.00
-462.00
-129.00
322.00
360.00
359.00
239.00
197.00
65.00
53.00
18.00
-42.00
-55.00
-114.00
-98.00
-128.00
-70.00
-31.00
-38.00
9.00
23.00
46.00
28.00
27.00
26.00
54.00
26.00
999999
-63.00
-63.00
-49.00
-24.00
38.00
107.00
225.00
209.00
129.00
41.00
-38.00
-128.00
-194.00
-287.00
-363.00
-388.00
-325.00
-290.00
-232.00
-157.00
-128.00
-123.00
-69.00
-29.00
33.00
79.00
87.00
89.00
-15.00
-104.00
-242.00
-351.00
-312.00
-282.00
-234.00
-171.00
-136.00
-97.00
-105.00
-167.00
-312.00
-522.00
-599.00
-237.00
6.00
132.00
169.00
97.00
46.00
-2.00
-107.00
-120.00
-230.00
-266.00
-292.00
-280.00
-238.00
-159.00
-93.00
-24.00
124.00
120.00
78.00
37.00
-8.00
-3.00
-48.00
999999
19.00
19.00
19.00
66.00
218.00
326.00
461.00
420.00
202.00
31.00
-126.00
-225.00
-247.00
-287.00
-278.00
-179.00
-131.00
-88.00
-33.00
-1.00
0.00
12.00
22.00
-12.00
-68.00
30.00
75.00
48.00
47.00
-21.00
-45.00
-57.00
-36.00
-26.00
-15.00
-23.00
-7.00
-103.00
-220.00
-539.00
-473.00
-170.00
131.00
291.00
302.00
234.00
157.00
69.00
31.00
15.00
-56.00
-113.00
-119.00
-110.00
-126.00
-92.00
-67.00
-37.00
-43.00
-8.00
4.00
105.00
102.00
47.00
18.00
22.00
19.00
999999
-20.00
-20.00
-15.00
2.00
71.00
245.00
375.00
462.00
465.00
146.00
-104.00
-322.00
-443.00
-393.00
-304.00
-178.00
-123.00
-27.00
4.00
-1.00
0.00
27.00
2.00
33.00
-16.00
25.00
36.00
30.00
-22.00
-97.00
-54.00
-141.00
-65.00
-54.00
-26.00
-55.00
-44.00
-60.00
-92.00
-159.00
-265.00
-357.00
-270.00
-134.00
53.00
142.00
229.00
202.00
171.00
78.00
67.00
-8.00
-27.00
-46.00
-57.00
59.00
67.00
9.00
-16.00
-36.00
-32.00
-26.00
-22.00
27.00
51.00
999999
108.00
123.00
123.00
114.00
210.00
421.00
505.00
489.00
376.00
175.00
-62.00
-208.00
-215.00
-217.00
-165.00
-114.00
-18.00
-1.00
-22.00
39.00
30.00
66.00
-19.00
-36.00
-8.00
-50.00
0.00
80.00
113.00
128.00
60.00
49.00
55.00
40.00
32.00
50.00
24.00
-61.00
-261.00
-425.00
-351.00
-163.00
205.00
273.00
263.00
247.00
206.00
129.00
82.00
37.00
3.00
4.00
-31.00
-6.00
31.00
7.00
-11.00
-66.00
25.00
-29.00
-24.00
27.00
71.00
999999
79.00
79.00
79.00
106.00
287.00
409.00
523.00
430.00
197.00
-3.00
-191.00
-240.00
-279.00
-241.00
-177.00
-170.00
-71.00
-64.00
-22.00
-16.00
-4.00
44.00
1.00
13.00
0.00
31.00
38.00
-5.00
-39.00
-60.00
-79.00
-28.00
-47.00
-39.00
-50.00
-61.00
-36.00
-22.00
-65.00
-139.00
-278.00
-389.00
-374.00
-69.00
105.00
234.00
252.00
203.00
92.00
18.00
-3.00
-31.00
9.00
-23.00
-21.00
-43.00
-57.00
-82.00
-62.00
-22.00
6.00
79.00
78.00
52.00
-4.00
-94.00
-87.00
-15.00
48.00
35.00
-8.00
-34.00
13.00
71.00
51.00
999999
20.00
69.00
69.00
77.00
199.00
362.00
367.00
230.00
30.00
-103.00
-228.00
-264.00
-235.00
-195.00
-112.00
-65.00
-82.00
-88.00
-80.00
-96.00
-33.00
-49.00
-60.00
-27.00
-35.00
-47.00
-22.00
-29.00
-101.00
-54.00
-44.00
68.00
35.00
20.00
82.00
12.00
-85.00
-27.00
-58.00
-69.00
-63.00
-47.00
-30.00
2.00
-3.00
-13.00
1.00
-19.00
-54.00
-137.00
-242.00
-371.00
-397.00
-250.00
25.00
233.00
230.00
227.00
127.00
135.00
64.00
16.00
0.00
-51.00
-44.00
-50.00
-44.00
-49.00
-45.00
-59.00
-70.00
-112.00
-130.00
-114.00
-68.00
-25.00
-41.00
8.00
-10.00
50.00
-41.00
-32.00
16.00
3.00
999999
27.00
27.00
27.00
-14.00
229.00
258.00
438.00
556.00
490.00
240.00
-92.00
-312.00
-414.00
-386.00
-298.00
-169.00
-109.00
-74.00
-39.00
24.00
47.00
48.00
21.00
27.00
3.00
-27.00
-9.00
-34.00
-47.00
-70.00
-20.00
-64.00
28.00
20.00
49.00
-6.00
-36.00
-43.00
-15.00
-9.00
-25.00
-63.00
-60.00
-51.00
-42.00
-62.00
-120.00
-316.00
-524.00
-442.00
-117.00
288.00
368.00
298.00
204.00
161.00
57.00
22.00
18.00
-57.00
-61.00
-84.00
-99.00
-92.00
-27.00
5.00
7.00
71.00
26.00
-55.00
-28.00
-62.00
-19.00
46.00
999999
-241.00
-240.00
-240.00
-246.00
-171.00
-183.00
-239.00
-325.00
-302.00
-261.00
-251.00
-226.00
-265.00
-247.00
-244.00
-238.00
-221.00
-232.00
-217.00
-222.00
-182.00
-162.00
-53.00
15.00
113.00
165.00
26.00
-107.00
-509.00
-660.00
-719.00
-617.00
-515.00
-489.00
-365.00
-351.00
-313.00
-249.00
-243.00
-208.00
-266.00
-254.00
-215.00
-179.00
-134.00
-188.00
-304.00
-270.00
-306.00
-284.00
-252.00
-263.00
-228.00
-274.00
-269.00
-318.00
-470.00
-580.00
-690.00
-803.00
-519.00
-228.00
74.00
204.00
138.00
168.00
999999
-35.00
-35.00
53.00
163.00
189.00
303.00
382.00
349.00
339.00
88.00
-41.00
-60.00
-248.00
-270.00
-294.00
-252.00
-156.00
-67.00
-47.00
-31.00
-26.00
-38.00
-23.00
-45.00
-7.00
-23.00
-41.00
-15.00
48.00
66.00
54.00
-2.00
-17.00
-85.00
-62.00
-105.00
-71.00
-61.00
-94.00
-79.00
-89.00
-200.00
-288.00
-329.00
-258.00
-57.00
46.00
170.00
145.00
136.00
136.00
67.00
17.00
52.00
33.00
38.00
-1.00
11.00
-17.00
-61.00
-91.00
-42.00
-71.00
-61.00
-44.00
-73.00
-76.00
5.00
5.00
-25.00
0.00
3.00
999999
-162.00
-162.00
-162.00
-108.00
-15.00
133.00
132.00
121.00
30.00
-78.00
-197.00
-323.00
-437.00
-481.00
-434.00
-346.00
-249.00
-214.00
-178.00
-150.00
-128.00
-135.00
-129.00
-76.00
-9.00
57.00
183.00
182.00
-60.00
-169.00
-342.00
-418.00
-511.00
-488.00
-361.00
-334.00
-260.00
-242.00
-153.00
-177.00
-151.00
-152.00
-196.00
-232.00
-386.00
-457.00
-530.00
-302.00
-129.00
7.00
42.00
-17.00
-35.00
-83.00
-134.00
-110.00
-153.00
-215.00
-233.00
-329.00
-453.00
-534.00
-465.00
-387.00
-220.00
159.00
150.00
110.00
-25.00
-46.00
-109.00
-141.00
-126.00
999999
-65.00
-27.00
-27.00
-33.00
21.00
231.00
327.00
340.00
255.00
139.00
108.00
-114.00
-244.00
-288.00
-336.00
-235.00
-193.00
-160.00
-146.00
-128.00
-54.00
-59.00
-21.00
-20.00
-35.00
-20.00
46.00
26.00
121.00
-14.00
-4.00
-46.00
-21.00
-8.00
-39.00
-14.00
3.00
-6.00
-55.00
-85.00
-211.00
-356.00
-332.00
-155.00
-20.00
176.00
317.00
160.00
129.00
62.00
71.00
110.00
81.00
11.00
-66.00
-76.00
-72.00
-146.00
-172.00
99.00
-18.00
5.00
-19.00
-38.00
-79.00
-17.00
-33.00
999999
3.00
3.00
3.00
30.00
107.00
243.00
382.00
505.00
375.00
76.00
-191.00
-305.00
-309.00
-213.00
-163.00
-119.00
-126.00
-109.00
-82.00
-62.00
-48.00
-23.00
-3.00
10.00
2.00
18.00
-52.00
-93.00
-37.00
-4.00
-29.00
64.00
61.00
-35.00
-49.00
-75.00
-55.00
-67.00
-9.00
1.00
7.00
-27.00
-110.00
-375.00
-528.00
-474.00
-27.00
316.00
336.00
217.00
163.00
96.00
43.00
6.00
-46.00
-83.00
-179.00
-266.00
-139.00
-86.00
4.00
57.00
78.00
-23.00
24.00
-29.00
23.00
-13.00
-38.00
-76.00
-72.00
-77.00
-69.00
-67.00
-65.00
-48.00
-30.00
999999
-29.00
-29.00
-24.00
22.00
93.00
257.00
427.00
562.00
479.00
249.00
-91.00
-317.00
-416.00
-374.00
-255.00
-171.00
-108.00
-73.00
-65.00
-37.00
-37.00
-46.00
-45.00
-14.00
-26.00
-33.00
50.00
28.00
2.00
-2.00
46.00
-100.00
-74.00
-64.00
-57.00
-60.00
-47.00
-78.00
-182.00
-389.00
-502.00
-347.00
-22.00
232.00
331.00
302.00
246.00
156.00
22.00
-155.00
-156.00
-75.00
26.00
112.00
119.00
-70.00
-42.00
-45.00
18.00
40.00
29.00
4.00
-9.00
999999
100.00
100.00
167.00
264.00
469.00
593.00
459.00
339.00
-97.00
-285.00
-273.00
-305.00
-314.00
-209.00
-157.00
-140.00
-78.00
-55.00
-33.00
-43.00
-14.00
-41.00
-55.00
7.00
65.00
54.00
69.00
46.00
-82.00
-41.00
-100.00
-61.00
-79.00
-61.00
-27.00
-20.00
-31.00
-122.00
-409.00
-488.00
-362.00
-25.00
293.00
335.00
255.00
251.00
143.00
52.00
-12.00
-44.00
-91.00
-37.00
32.00
23.00
13.00
7.00
-71.00
-45.00
15.00
47.00
5.00
51.00
999999
15.00
15.00
15.00
67.00
208.00
277.00
415.00
449.00
373.00
155.00
-33.00
-214.00
-373.00
-401.00
-295.00
-200.00
-94.00
-41.00
-26.00
-28.00
-43.00
-29.00
-60.00
-73.00
-80.00
-60.00
-4.00
50.00
18.00
30.00
-52.00
17.00
-74.00
-62.00
-52.00
-26.00
-17.00
-17.00
-57.00
-75.00
-58.00
-107.00
-181.00
-392.00
-524.00
-303.00
156.00
359.00
274.00
276.00
162.00
-75.00
-224.00
-214.00
-94.00
-61.00
-18.00
14.00
43.00
60.00
38.00
4.00
-12.00
2.00
-1.00
6.00
999999
-55.00
-77.00
-77.00
-33.00
99.00
162.00
362.00
492.00
529.00
334.00
55.00
-173.00
-240.00
-303.00
-296.00
-266.00
-194.00
-108.00
-72.00
-41.00
0.00
17.00
13.00
39.00
13.00
-22.00
1.00
-28.00
-48.00
12.00
3.00
-15.00
-54.00
-63.00
-41.00
-22.00
-52.00
-18.00
31.00
56.00
60.00
13.00
-3.00
-167.00
-423.00
-558.00
-452.00
-2.00
131.00
273.00
220.00
225.00
181.00
128.00
100.00
42.00
35.00
45.00
11.00
-38.00
-121.00
-122.00
-155.00
-146.00
-142.00
-9.00
85.00
71.00
51.00
24.00
29.00
40.00
999999
-2.00
-2.00
5.00
-8.00
60.00
123.00
290.00
359.00
371.00
223.00
70.00
-125.00
-243.00
-385.00
-344.00
-265.00
-197.00
-150.00
-96.00
-60.00
-33.00
-8.00
47.00
31.00
14.00
2.00
-32.00
-28.00
-35.00
-1.00
4.00
6.00
-47.00
-75.00
-126.00
-107.00
-120.00
-96.00
-61.00
-34.00
-17.00
-15.00
-45.00
-136.00
-340.00
-435.00
-272.00
-23.00
201.00
276.00
221.00
159.00
66.00
-9.00
-53.00
-91.00
-27.00
-21.00
-16.00
31.00
33.00
38.00
18.00
-32.00
0.00
-10.00
-5.00
30.00
-24.00
-93.00
-96.00
-62.00
10.00
34.00
72.00
68.00
999999
-133.00
-120.00
-120.00
-149.00
-143.00
-80.00
-20.00
-58.00
-48.00
-118.00
-173.00
-253.00
-371.00
-394.00
-354.00
-319.00
-214.00
-247.00
-209.00
-234.00
-190.00
-154.00
-140.00
-54.00
-6.00
52.00
39.00
-84.00
-84.00
-252.00
-337.00
-401.00
-415.00
-428.00
-371.00
-321.00
-263.00
-238.00
-242.00
-255.00
-315.00
-411.00
-466.00
-343.00
-182.00
-108.00
-56.00
-56.00
-102.00
-177.00
-175.00
-301.00
-378.00
-571.00
-638.00
-590.00
-331.00
-135.00
104.00
176.00
124.00
-28.00
999999
5.00
5.00
12.00
19.00
74.00
217.00
332.00
417.00
376.00
282.00
48.00
-79.00
-147.00
-204.00
-244.00
-211.00
-222.00
-162.00
-127.00
-76.00
-30.00
-36.00
-31.00
-16.00
-25.00
-17.00
-40.00
64.00
44.00
3.00
12.00
2.00
-30.00
-11.00
-12.00
-42.00
-30.00
-11.00
3.00
-78.00
-147.00
-274.00
-419.00
-341.00
-211.00
-19.00
145.00
246.00
258.00
224.00
120.00
117.00
55.00
36.00
-14.00
-35.00
-63.00
-32.00
-40.00
8.00
-11.00
-45.00
-62.00
23.00
38.00
43.00
26.00
999999
27.00
57.00
57.00
113.00
204.00
297.00
306.00
310.00
234.00
92.00
-11.00
-143.00
-175.00
-200.00
-208.00
-196.00
-172.00
-130.00
-98.00
-64.00
-40.00
-22.00
7.00
-1.00
3.00
-4.00
-22.00
22.00
47.00
16.00
35.00
-18.00
-67.00
-67.00
-54.00
-33.00
-67.00
-37.00
-97.00
-119.00
-173.00
-263.00
-297.00
-311.00
-231.00
-71.00
78.00
197.00
251.00
233.00
191.00
142.00
67.00
21.00
-4.00
-74.00
-69.00
-70.00
-62.00
-46.00
-57.00
18.00
72.00
42.00
24.00
999999
-157.00
-179.00
-179.00
-93.00
18.00
22.00
85.00
66.00
-45.00
-96.00
-211.00
-265.00
-350.00
-355.00
-353.00
-329.00
-265.00
-259.00
-212.00
-191.00
-176.00
-187.00
-158.00
-141.00
-110.00
-17.00
33.00
49.00
105.00
-56.00
-191.00
-285.00
-439.00
-446.00
-395.00
-390.00
-335.00
-292.00
-273.00
-253.00
-241.00
-282.00
-323.00
-378.00
-454.00
-275.00
-175.00
-133.00
-96.00
-84.00
-199.00
-171.00
-234.00
-263.00
-377.00
-368.00
-571.00
-545.00
-540.00
-475.00
-135.00
36.00
239.00
146.00
1.00
-81.00
-68.00
-121.00
999999
-48.00
-48.00
-61.00
-8.00
72.00
180.00
197.00
164.00
143.00
-3.00
-113.00
-266.00
-345.00
-378.00
-352.00
-252.00
-215.00
-124.00
-107.00
-78.00
-61.00
-42.00
-25.00
-2.00
-28.00
31.00
43.00
-42.00
-129.00
-139.00
-168.00
-210.00
-157.00
-178.00
-142.00
-128.00
-85.00
-87.00
-127.00
-137.00
-216.00
-315.00
-397.00
-310.00
-297.00
-112.00
51.00
104.00
119.00
95.00
45.00
-22.00
-158.00
-228.00
-258.00
-197.00
-149.00
13.00
65.00
51.00
63.00
25.00
19.00
6.00
999999
3.00
48.00
48.00
120.00
139.00
70.00
62.00
15.00
-47.00
-157.00
-194.00
-238.00
-254.00
-261.00
-277.00
-252.00
-224.00
-234.00
-224.00
-176.00
-151.00
-146.00
-124.00
-61.00
-8.00
7.00
120.00
56.00
-6.00
-134.00
-219.00
-234.00
-313.00
-350.00
-341.00
-339.00
-309.00
-254.00
-176.00
-165.00
-163.00
-134.00
-218.00
-272.00
-402.00
-430.00
-377.00
-207.00
-71.00
-28.00
-11.00
-29.00
-64.00
-95.00
-172.00
-175.00
-163.00
-183.00
-215.00
-237.00
-333.00
-357.00
-404.00
-387.00
-327.00
-261.00
-193.00
-84.00
146.00
140.00
94.00
30.00
-21.00
999999
26.00
26.00
26.00
22.00
62.00
149.00
355.00
488.00
428.00
180.00
-34.00
-202.00
-357.00
-353.00
-406.00
-334.00
-252.00
-200.00
-137.00
-128.00
-103.00
-69.00
-38.00
-32.00
-26.00
14.00
3.00
-20.00
20.00
18.00
1.00
-102.00
-99.00
-131.00
-138.00
-143.00
-141.00
-128.00
-46.00
-23.00
-2.00
0.00
-27.00
-75.00
-215.00
-349.00
-471.00
-512.00
-398.00
-120.00
155.00
232.00
241.00
175.00
123.00
96.00
5.00
-82.00
-148.00
-228.00
-278.00
-267.00
-182.00
-24.00
60.00
130.00
67.00
13.00
-6.00
-40.00
-32.00
999999
18.00
42.00
42.00
73.00
144.00
348.00
456.00
436.00
258.00
24.00
-187.00
-315.00
-350.00
-354.00
-321.00
-286.00
-195.00
-114.00
-95.00
-67.00
-36.00
-7.00
17.00
25.00
21.00
-23.00
-41.00
-40.00
7.00
-16.00
-70.00
-59.00
-95.00
-106.00
-57.00
-45.00
7.00
36.00
-20.00
-91.00
-204.00
-426.00
-567.00
-449.00
-195.00
65.00
175.00
185.00
155.00
123.00
92.00
32.00
-57.00
-153.00
-183.00
-165.00
-121.00
-69.00
6.00
90.00
101.00
59.00
999999
89.00
89.00
95.00
159.00
342.00
448.00
493.00
362.00
141.00
-92.00
-363.00
-369.00
-403.00
-326.00
-237.00
-115.00
-76.00
-51.00
-23.00
-9.00
-9.00
-13.00
-18.00
-36.00
-19.00
-40.00
-73.00
7.00
19.00
-4.00
-29.00
-7.00
-59.00
-47.00
-40.00
-2.00
18.00
28.00
19.00
-46.00
-175.00
-384.00
-490.00
-465.00
-274.00
75.00
236.00
270.00
252.00
199.00
138.00
47.00
-61.00
-128.00
-135.00
-76.00
-67.00
-61.00
24.00
28.00
54.00
-8.00
3.00
-10.00
999999
-28.00
-28.00
-4.00
54.00
157.00
289.00
360.00
356.00
229.00
79.00
-108.00
-258.00
-322.00
-377.00
-321.00
-227.00
-155.00
-111.00
-94.00
-61.00
-39.00
-66.00
-49.00
-63.00
-52.00
-48.00
-50.00
-20.00
46.00
-18.00
-62.00
-99.00
-125.00
-103.00
-98.00
-66.00
-39.00
-44.00
-26.00
-58.00
-118.00
-246.00
-453.00
-521.00
-222.00
136.00
218.00
206.00
178.00
138.00
75.00
-2.00
-57.00
-57.00
-135.00
-85.00
-67.00
-68.00
-70.00
-82.00
-34.00
35.00
0.00
22.00
-2.00
-19.00
-30.00
999999
7.00
22.00
22.00
82.00
169.00
327.00
473.00
521.00
417.00
61.00
-217.00
-289.00
-338.00
-267.00
-186.00
-133.00
-91.00
-89.00
-62.00
-60.00
-43.00
-32.00
-40.00
-6.00
-2.00
-21.00
-26.00
-24.00
-70.00
-105.00
-82.00
-1.00
25.00
-11.00
13.00
-45.00
-22.00
-69.00
-57.00
1.00
27.00
54.00
46.00
-4.00
-41.00
-220.00
-387.00
-432.00
-379.00
-88.00
110.00
246.00
246.00
224.00
180.00
73.00
11.00
-111.00
-144.00
-121.00
-25.00
44.00
16.00
8.00
-5.00
6.00
27.00
15.00
3.00
54.00
24.00
8.00
999999
65.00
65.00
65.00
106.00
118.00
235.00
322.00
285.00
277.00
167.00
76.00
-15.00
-147.00
-199.00
-255.00
-232.00
-235.00
-210.00
-156.00
-123.00
-96.00
-66.00
-43.00
-34.00
-5.00
-24.00
-29.00
-26.00
21.00
77.00
94.00
61.00
-41.00
-64.00
-82.00
-79.00
-77.00
-60.00
-38.00
1.00
12.00
10.00
-1.00
-6.00
-93.00
-137.00
-218.00
-357.00
-411.00
-318.00
-104.00
142.00
194.00
231.00
241.00
200.00
138.00
75.00
35.00
-32.00
-57.00
-38.00
2.00
23.00
12.00
-57.00
-54.00
-35.00
-33.00
22.00
-16.00
-2.00
-10.00
24.00
34.00
999999
92.00
92.00
119.00
111.00
201.00
281.00
293.00
368.00
355.00
297.00
152.00
43.00
-53.00
-121.00
-156.00
-191.00
-223.00
-129.00
-90.00
-65.00
-3.00
16.00
21.00
30.00
24.00
32.00
18.00
26.00
4.00
17.00
3.00
15.00
22.00
55.00
28.00
1.00
-10.00
-28.00
4.00
22.00
29.00
-5.00
-53.00
-101.00
-181.00
-240.00
-227.00
-174.00
-97.00
31.00
123.00
175.00
154.00
124.00
126.00
112.00
86.00
11.00
-4.00
-46.00
-51.00
-62.00
-65.00
-43.00
-40.00
-64.00
-10.00
46.00
6.00
-3.00
999999
57.00
57.00
49.00
107.00
209.00
321.00
341.00
366.00
316.00
171.00
-18.00
-174.00
-260.00
-288.00
-252.00
-240.00
-143.00
-82.00
-71.00
-33.00
-3.00
2.00
15.00
8.00
8.00
-30.00
17.00
51.00
98.00
117.00
24.00
1.00
-30.00
-40.00
-13.00
-2.00
17.00
12.00
4.00
-31.00
-100.00
-233.00
-456.00
-448.00
-264.00
51.00
344.00
308.00
267.00
221.00
164.00
80.00
-18.00
-56.00
-80.00
-93.00
-68.00
10.00
-43.00
26.00
41.00
13.00
1.00
-34.00
999999
143.00
173.00
173.00
295.00
360.00
429.00
388.00
301.00
162.00
109.00
-34.00
-69.00
-139.00
-122.00
-90.00
-70.00
-25.00
-10.00
33.00
49.00
71.00
97.00
83.00
82.00
60.00
25.00
-23.00
-7.00
40.00
78.00
98.00
88.00
101.00
74.00
40.00
21.00
-15.00
17.00
43.00
77.00
52.00
49.00
17.00
-39.00
-122.00
-203.00
-297.00
-225.00
-81.00
92.00
164.00
232.00
209.00
159.00
173.00
166.00
146.00
131.00
81.00
71.00
62.00
43.00
51.00
43.00
59.00
35.00
-7.00
-32.00
1.00
47.00
41.00
84.00
113.00
87.00
999999
31.00
31.00
31.00
45.00
157.00
277.00
334.00
365.00
347.00
202.00
-16.00
-172.00
-260.00
-286.00
-266.00
-228.00
-189.00
-133.00
-97.00
-66.00
-57.00
-71.00
-110.00
-109.00
-130.00
-105.00
-43.00
-33.00
63.00
162.00
69.00
-2.00
-15.00
-16.00
-45.00
-44.00
3.00
4.00
-1.00
-22.00
-41.00
-133.00
-301.00
-441.00
-491.00
-264.00
87.00
270.00
281.00
279.00
235.00
189.00
58.00
-37.00
-125.00
-99.00
-67.00
-58.00
-22.00
11.00
7.00
20.00
17.00
999999
21.00
21.00
33.00
59.00
236.00
465.00
452.00
391.00
257.00
97.00
-94.00
-159.00
-246.00
-223.00
-170.00
-127.00
-56.00
-44.00
-59.00
-30.00
-12.00
9.00
-67.00
-86.00
-64.00
16.00
21.00
19.00
11.00
-52.00
-42.00
-65.00
-56.00
-57.00
-25.00
-17.00
-12.00
-35.00
-53.00
-119.00
-287.00
-422.00
-399.00
-234.00
58.00
168.00
258.00
217.00
161.00
131.00
82.00
73.00
-23.00
-60.00
-130.00
-118.00
-112.00
-73.00
-98.00
-14.00
24.00
85.00
46.00
999999
28.00
28.00
41.00
75.00
119.00
270.00
352.00
381.00
250.00
141.00
-20.00
-149.00
-204.00
-279.00
-340.00
-274.00
-216.00
-168.00
-90.00
-99.00
-61.00
-12.00
-26.00
-10.00
-23.00
-30.00
8.00
15.00
23.00
12.00
-44.00
-91.00
-98.00
-71.00
-65.00
-21.00
-10.00
3.00
27.00
-35.00
-105.00
-296.00
-458.00
-456.00
-239.00
81.00
181.00
237.00
211.00
176.00
144.00
101.00
31.00
-52.00
-133.00
-194.00
-144.00
-20.00
36.00
25.00
61.00
3.00
-10.00
-32.00
-14.00
57.00
64.00
999999
44.00
96.00
96.00
158.00
235.00
281.00
349.00
383.00
323.00
183.00
31.00
-110.00
-195.00
-252.00
-256.00
-283.00
-220.00
-155.00
-123.00
-29.00
-22.00
-11.00
16.00
3.00
-41.00
22.00
30.00
20.00
-48.00
-44.00
-65.00
-21.00
-9.00
10.00
6.00
19.00
-54.00
-160.00
-294.00
-417.00
-449.00
-320.00
-37.00
157.00
221.00
240.00
271.00
234.00
185.00
91.00
-11.00
-110.00
-177.00
-168.00
-188.00
-116.00
-31.00
-35.00
20.00
110.00
113.00
999999
-41.00
-41.00
-41.00
21.00
67.00
88.00
160.00
151.00
88.00
51.00
-56.00
-155.00
-236.00
-309.00
-359.00
-336.00
-293.00
-257.00
-189.00
-154.00
-122.00
-99.00
-64.00
-2.00
4.00
24.00
60.00
54.00
-118.00
-185.00
-299.00
-338.00
-374.00
-297.00
-284.00
-266.00
-226.00
-224.00
-200.00
-254.00
-360.00
-412.00
-371.00
-223.00
-104.00
-63.00
-7.00
53.00
-16.00
-40.00
-50.00
-102.00
-204.00
-299.00
-348.00
-409.00
-329.00
-242.00
-114.00
66.00
153.00
95.00
35.00
16.00
-38.00
-107.00
999999
70.00
70.00
100.00
93.00
219.00
415.00
455.00
364.00
135.00
-77.00
-226.00
-281.00
-312.00
-225.00
-153.00
-152.00
-89.00
-55.00
-39.00
-27.00
4.00
-8.00
22.00
11.00
-22.00
31.00
28.00
-8.00
-90.00
-43.00
-90.00
-55.00
-41.00
-56.00
-96.00
-158.00
-277.00
-445.00
-459.00
-343.00
23.00
310.00
297.00
238.00
148.00
67.00
60.00
14.00
-7.00
-97.00
-136.00
-171.00
-149.00
-96.00
16.00
38.00
40.00
97.00
34.00
-22.00
-49.00
-12.00
40.00
999999
79.00
79.00
65.00
114.00
292.00
367.00
356.00
323.00
201.00
45.00
-103.00
-224.00
-220.00
-244.00
-212.00
-149.00
-128.00
-94.00
-48.00
-22.00
13.00
10.00
19.00
47.00
-1.00
0.00
-5.00
-13.00
-11.00
21.00
-8.00
-21.00
-31.00
-23.00
-49.00
-71.00
-74.00
-90.00
-196.00
-316.00
-417.00
-350.00
-132.00
113.00
218.00
266.00
229.00
180.00
137.00
40.00
-33.00
-124.00
-225.00
-146.00
-84.00
-36.00
25.00
59.00
61.00
28.00
3.00
12.00
999999
23.00
23.00
23.00
117.00
286.00
464.00
487.00
362.00
97.00
-83.00
-203.00
-256.00
-273.00
-264.00
-208.00
-182.00
-123.00
-70.00
-52.00
-35.00
-1.00
4.00
13.00
31.00
2.00
21.00
2.00
6.00
0.00
-38.00
-29.00
-21.00
36.00
23.00
28.00
16.00
-21.00
-78.00
-159.00
-271.00
-393.00
-394.00
-169.00
71.00
231.00
233.00
217.00
191.00
132.00
97.00
22.00
-43.00
-65.00
-133.00
-116.00
-84.00
-70.00
-32.00
66.00
78.00
47.00
-13.00
19.00
37.00
999999
53.00
53.00
55.00
91.00
209.00
343.00
411.00
293.00
146.00
-32.00
-157.00
-229.00
-256.00
-246.00
-190.00
-138.00
-131.00
-73.00
-36.00
-48.00
-16.00
1.00
0.00
18.00
19.00
28.00
28.00
-14.00
-28.00
-5.00
19.00
-42.00
-64.00
-53.00
-25.00
-15.00
-15.00
-23.00
-16.00
-42.00
-28.00
-67.00
-62.00
-104.00
-216.00
-422.00
-458.00
-284.00
54.00
220.00
351.00
306.00
223.00
144.00
39.00
-39.00
-35.00
-67.00
-98.00
-143.00
-139.00
-68.00
-26.00
-3.00
-13.00
67.00
117.00
1.00
-9.00
-1.00
-26.00
999999
38.00
38.00
38.00
119.00
229.00
369.00
494.00
453.00
287.00
75.00
-69.00
-295.00
-313.00
-285.00
-250.00
-164.00
-110.00
-64.00
-63.00
-16.00
6.00
17.00
28.00
16.00
59.00
47.00
6.00
-28.00
-43.00
-21.00
4.00
18.00
-26.00
-88.00
-72.00
-49.00
-52.00
-42.00
-4.00
-18.00
6.00
-121.00
-250.00
-450.00
-479.00
-236.00
47.00
181.00
239.00
208.00
165.00
168.00
113.00
44.00
-26.00
-23.00
-150.00
-114.00
-72.00
-50.00
-75.00
-73.00
55.00
57.00
49.00
6.00
-4.00
20.00
999999
-7.00
-7.00
7.00
27.00
273.00
345.00
286.00
183.00
67.00
-108.00
-289.00
-379.00
-348.00
-319.00
-270.00
-185.00
-169.00
-158.00
-128.00
-139.00
-115.00
-112.00
-93.00
-60.00
-17.00
57.00
42.00
18.00
6.00
-92.00
-213.00
-239.00
-285.00
-273.00
-158.00
-175.00
-127.00
-135.00
-125.00
-141.00
-254.00
-401.00
-452.00
-333.00
-103.00
50.00
86.00
32.00
4.00
-6.00
-47.00
-68.00
-118.00
-132.00
-163.00
-180.00
-210.00
-228.00
-287.00
-244.00
-247.00
-148.00
-35.00
59.00
55.00
36.00
-12.00
-71.00
-102.00
999999
69.00
100.00
100.00
162.00
362.00
557.00
541.00
310.00
64.00
-84.00
-192.00
-251.00
-257.00
-248.00
-194.00
-156.00
-122.00
-47.00
-45.00
-20.00
28.00
41.00
37.00
26.00
-13.00
-30.00
-16.00
-33.00
-92.00
-115.00
-50.00
-50.00
-22.00
-40.00
-22.00
29.00
2.00
-11.00
4.00
10.00
-42.00
-47.00
-88.00
-197.00
-369.00
-435.00
-339.00
-129.00
168.00
297.00
258.00
206.00
144.00
98.00
13.00
-55.00
-117.00
-21.00
-54.00
-71.00
-59.00
-52.00
-6.00
41.00
8.00
24.00
999999
-109.00
-85.00
-85.00
-15.00
-19.00
24.00
30.00
17.00
-26.00
-67.00
-166.00
-222.00
-292.00
-335.00
-365.00
-349.00
-299.00
-251.00
-187.00
-140.00
-57.00
-51.00
-20.00
76.00
87.00
52.00
-145.00
-312.00
-403.00
-352.00
-368.00
-281.00
-255.00
-217.00
-184.00
-145.00
-157.00
-177.00
-238.00
-379.00
-447.00
-483.00
-288.00
-135.00
-41.00
4.00
23.00
-27.00
-64.00
-80.00
-200.00
-213.00
-328.00
-468.00
-477.00
-390.00
-205.00
-7.00
36.00
47.00
58.00
27.00
999999
-96.00
-9.00
-9.00
177.00
86.00
205.00
274.00
361.00
300.00
207.00
64.00
-107.00
-314.00
-391.00
-369.00
-297.00
-231.00
-205.00
-188.00
-97.00
-116.00
-97.00
-72.00
-55.00
-44.00
-27.00
-24.00
30.00
16.00
52.00
41.00
48.00
-47.00
-130.00
-173.00
-182.00
-182.00
-164.00
-124.00
-103.00
-92.00
-108.00
-189.00
-288.00
-481.00
-505.00
-312.00
-37.00
148.00
238.00
203.00
159.00
74.00
9.00
-26.00
-70.00
-51.00
-129.00
-186.00
-239.00
-185.00
-75.00
-22.00
53.00
89.00
-26.00
-55.00
-34.00
-22.00
10.00
-37.00
999999
-23.00
27.00
27.00
121.00
182.00
321.00
365.00
382.00
291.00
163.00
-31.00
-184.00
-276.00
-296.00
-312.00
-237.00
-178.00
-139.00
-64.00
22.00
63.00
64.00
46.00
52.00
29.00
-1.00
7.00
10.00
17.00
-70.00
-41.00
-72.00
-82.00
-113.00
-82.00
-81.00
-67.00
-55.00
-67.00
-262.00
-355.00
-445.00
-410.00
-209.00
19.00
231.00
252.00
186.00
158.00
80.00
107.00
83.00
-6.00
-59.00
-116.00
-107.00
-84.00
-15.00
63.00
49.00
23.00
-9.00
-11.00
-7.00
-20.00
999999
-90.00
-90.00
-54.00
-1.00
0.00
82.00
118.00
94.00
-24.00
-93.00
-221.00
-341.00
-369.00
-371.00
-320.00
-284.00
-240.00
-189.00
-164.00
-129.00
-114.00
-85.00
-65.00
-51.00
7.00
2.00
42.00
57.00
-44.00
-232.00
-362.00
-408.00
-384.00
-320.00
-286.00
-228.00
-184.00
-148.00
-150.00
-168.00
-154.00
-177.00
-193.00
-203.00
-253.00
-351.00
-505.00
-485.00
-427.00
-143.00
-88.00
-23.00
-4.00
-12.00
-38.00
-113.00
-128.00
-159.00
-161.00
-184.00
-222.00
-253.00
-338.00
-449.00
-587.00
-592.00
-462.00
-113.00
86.00
212.00
132.00
108.00
-49.00
-118.00
-174.00
999999
-106.00
-95.00
-95.00
-89.00
14.00
52.00
147.00
139.00
60.00
-30.00
-104.00
-180.00
-201.00
-279.00
-274.00
-343.00
-325.00
-275.00
-272.00
-245.00
-181.00
-154.00
-116.00
-50.00
-54.00
-33.00
26.00
42.00
29.00
-14.00
-157.00
-311.00
-372.00
-344.00
-274.00
-244.00
-190.00
-181.00
-156.00
-158.00
-199.00
-229.00
-290.00
-353.00
-391.00
-377.00
-321.00
-202.00
-78.00
10.00
24.00
4.00
1.00
-93.00
-138.00
-196.00
-286.00
-351.00
-459.00
-411.00
-334.00
-209.00
29.00
47.00
82.00
30.00
-62.00
-71.00
-94.00
999999
-227.00
-227.00
-199.00
-131.00
-136.00
-81.00
-65.00
-61.00
-108.00
-115.00
-183.00
-227.00
-322.00
-365.00
-373.00
-330.00
-286.00
-271.00
-273.00
-214.00
-192.00
-138.00
-71.00
-65.00
-6.00
80.00
138.00
20.00
-95.00
-246.00
-565.00
-604.00
-569.00
-440.00
-345.00
-325.00
-270.00
-217.00
-232.00
-238.00
-258.00
-388.00
-409.00
-366.00
-260.00
-168.00
-78.00
-98.00
-68.00
-101.00
-141.00
-272.00
-287.00
-465.00
-585.00
-643.00
-531.00
-286.00
105.00
356.00
142.00
-44.00
-130.00
-214.00
999999
53.00
53.00
52.00
57.00
98.00
176.00
178.00
166.00
-21.00
-112.00
-307.00
-412.00
-458.00
-433.00
-359.00
-279.00
-187.00
-129.00
-73.00
-56.00
-73.00
78.00
112.00
66.00
-6.00
-123.00
-281.00
-318.00
-279.00
-219.00
-201.00
-170.00
-169.00
-163.00
-171.00
-195.00
-262.00
-421.00
-589.00
-440.00
-190.00
168.00
219.00
189.00
121.00
78.00
16.00
-90.00
-156.00
-386.00
-443.00
-318.00
-57.00
148.00
171.00
100.00
-17.00
-47.00
-100.00
999999
-131.00
-131.00
-110.00
-26.00
37.00
74.00
63.00
85.00
26.00
-44.00
-135.00
-259.00
-321.00
-373.00
-352.00
-344.00
-279.00
-239.00
-216.00
-179.00
-146.00
-125.00
-79.00
-12.00
-15.00
16.00
88.00
1.00
-143.00
-257.00
-352.00
-346.00
-264.00
-230.00
-165.00
-169.00
-182.00
-187.00
-265.00
-334.00
-418.00
-472.00
-432.00
-215.00
-23.00
69.00
57.00
97.00
21.00
-28.00
-50.00
-81.00
-156.00
-190.00
-248.00
-318.00
-348.00
-364.00
-304.00
-194.00
-82.00
-2.00
93.00
51.00
37.00
-32.00
-67.00
999999
-83.00
-83.00
-83.00
74.00
47.00
52.00
133.00
82.00
59.00
15.00
-96.00
-178.00
-221.00
-283.00
-324.00
-320.00
-278.00
-234.00
-228.00
-190.00
-162.00
-114.00
-109.00
-81.00
-30.00
-30.00
6.00
4.00
11.00
-74.00
-176.00
-221.00
-288.00
-333.00
-286.00
-284.00
-262.00
-232.00
-208.00
-210.00
-211.00
-208.00
-226.00
-234.00
-231.00
-271.00
-256.00
-251.00
-243.00
-188.00
-192.00
-131.00
-102.00
-71.00
-4.00
-45.00
-22.00
-62.00
-122.00
-108.00
-181.00
-200.00
-216.00
-269.00
-275.00
-312.00
-275.00
-286.00
-246.00
-209.00
-143.00
-18.00
-21.00
36.00
11.00
-2.00
-9.00
999999
-133.00
-104.00
-104.00
-81.00
-15.00
-30.00
25.00
13.00
-47.00
-58.00
-130.00
-149.00
-226.00
-284.00
-332.00
-356.00
-331.00
-308.00
-277.00
-249.00
-209.00
-177.00
-145.00
-115.00
-82.00
-62.00
-13.00
-30.00
1.00
-24.00
-149.00
-221.00
-324.00
-397.00
-325.00
-339.00
-285.00
-273.00
-237.00
-232.00
-226.00
-211.00
-241.00
-243.00
-268.00
-283.00
-283.00
-337.00
-231.00
-134.00
-68.00
-43.00
-67.00
-90.00
-165.00
-184.00
-233.00
-267.00
-366.00
-395.00
-478.00
-453.00
-369.00
-261.00
-91.00
25.00
160.00
69.00
-14.00
-124.00
999999
22.00
22.00
22.00
37.00
124.00
217.00
302.00
335.00
265.00
115.00
32.00
-177.00
-332.00
-325.00
-362.00
-338.00
-234.00
-182.00
-157.00
-91.00
-42.00
-28.00
-29.00
-3.00
-2.00
37.00
25.00
6.00
-15.00
-9.00
-59.00
-73.00
-101.00
-111.00
-101.00
-63.00
-51.00
-79.00
-88.00
-101.00
-152.00
-178.00
-210.00
-330.00
-419.00
-404.00
-314.00
-33.00
76.00
136.00
188.00
145.00
96.00
37.00
2.00
-62.00
-139.00
-249.00
-275.00
-220.00
-122.00
-40.00
58.00
117.00
-1.00
-73.00
-86.00
-72.00
999999
-46.00
-46.00
-40.00
102.00
146.00
219.00
267.00
256.00
170.00
84.00
4.00
-97.00
-107.00
-218.00
-321.00
-314.00
-317.00
-255.00
-207.00
-129.00
-66.00
-32.00
7.00
7.00
18.00
4.00
12.00
2.00
-16.00
-30.00
-32.00
-120.00
-148.00
-137.00
-150.00
-126.00
-126.00
-90.00
-77.00
-86.00
-59.00
-188.00
-341.00
-397.00
-458.00
-342.00
-87.00
65.00
183.00
194.00
199.00
153.00
84.00
19.00
-19.00
-78.00
-189.00
-186.00
-126.00
-102.00
-63.00
40.00
16.00
48.00
-10.00
-23.00
999999
20.00
20.00
20.00
28.00
57.00
172.00
340.00
398.00
430.00
403.00
288.00
102.00
-162.00
-306.00
-405.00
-406.00
-356.00
-225.00
-190.00
-139.00
-78.00
-49.00
-16.00
-22.00
-21.00
-1.00
-24.00
-45.00
-20.00
38.00
14.00
-28.00
-55.00
-72.00
-125.00
-131.00
-143.00
-188.00
-241.00
-347.00
-435.00
-389.00
-167.00
92.00
235.00
246.00
210.00
166.00
115.00
87.00
-19.00
-165.00
-202.00
-177.00
-145.00
-33.00
28.00
71.00
24.00
-52.00
999999
-9.00
-9.00
-16.00
-19.00
4.00
97.00
288.00
409.00
419.00
347.00
190.00
-7.00
-190.00
-276.00
-317.00
-307.00
-237.00
-139.00
-68.00
-47.00
-13.00
-16.00
-1.00
21.00
58.00
48.00
9.00
41.00
27.00
-52.00
-51.00
-23.00
-44.00
-55.00
-22.00
-8.00
-11.00
-38.00
-101.00
-309.00
-503.00
-503.00
-263.00
126.00
267.00
267.00
257.00
193.00
139.00
75.00
4.00
-84.00
-109.00
-101.00
-28.00
-20.00
-32.00
-67.00
16.00
34.00
19.00
23.00
48.00
43.00
999999
1.00
14.00
14.00
63.00
329.00
435.00
365.00
175.00
15.00
-63.00
-155.00
-163.00
-184.00
-145.00
-104.00
-98.00
-92.00
-97.00
-80.00
-39.00
-2.00
-46.00
-12.00
-49.00
-6.00
32.00
71.00
90.00
66.00
13.00
-20.00
-69.00
-68.00
-77.00
-68.00
-39.00
-19.00
-60.00
-128.00
-301.00
-408.00
-349.00
-175.00
16.00
161.00
201.00
230.00
206.00
130.00
92.00
39.00
-53.00
-102.00
-73.00
-58.00
-47.00
-24.00
30.00
34.00
30.00
40.00
43.00
-17.00
999999
-18.00
-18.00
-18.00
43.00
136.00
214.00
297.00
325.00
251.00
89.00
39.00
-115.00
-168.00
-201.00
-256.00
-238.00
-190.00
-143.00
-116.00
-75.00
-30.00
-30.00
-8.00
7.00
15.00
8.00
17.00
12.00
15.00
-18.00
-65.00
-49.00
-44.00
-45.00
-53.00
-55.00
-66.00
-46.00
-47.00
-44.00
-95.00
-140.00
-205.00
-300.00
-343.00
-252.00
-74.00
90.00
157.00
166.00
140.00
117.00
67.00
64.00
52.00
-20.00
-48.00
-96.00
-103.00
-88.00
-47.00
-18.00
7.00
5.00
-4.00
-3.00
3.00
6.00
8.00
-17.00
-19.00
0.00
4.00
999999
-129.00
-129.00
-136.00
-80.00
111.00
153.00
153.00
59.00
-145.00
-280.00
-342.00
-386.00
-344.00
-345.00
-265.00
-234.00
-243.00
-185.00
-183.00
-151.00
-132.00
-111.00
-52.00
-18.00
-5.00
55.00
52.00
-31.00
41.00
-182.00
-315.00
-420.00
-377.00
-388.00
-362.00
-333.00
-280.00
-252.00
-224.00
-215.00
-265.00
-313.00
-412.00
-363.00
-261.00
-76.00
-27.00
6.00
-10.00
-16.00
-109.00
-124.00
-232.00
-477.00
-723.00
-659.00
-366.00
61.00
434.00
237.00
206.00
-117.00
-101.00
999999
67.00
67.00
61.00
55.00
164.00
325.00
481.00
458.00
352.00
80.00
-108.00
-250.00
-316.00
-309.00
-227.00
-185.00
-87.00
-63.00
-50.00
-11.00
8.00
14.00
9.00
108.00
116.00
78.00
65.00
-16.00
-58.00
-77.00
-87.00
-37.00
-13.00
-51.00
-39.00
-66.00
-61.00
-81.00
-185.00
-338.00
-507.00
-415.00
-55.00
169.00
273.00
319.00
286.00
199.00
80.00
14.00
-22.00
-76.00
-154.00
-165.00
-108.00
-80.00
-78.00
2.00
77.00
66.00
15.00
-19.00
-2.00
999999
5.00
44.00
44.00
97.00
198.00
277.00
292.00
245.00
144.00
-6.00
-76.00
-143.00
-224.00
-241.00
-237.00
-190.00
-183.00
-141.00
-98.00
-90.00
-67.00
-13.00
0.00
16.00
12.00
1.00
7.00
13.00
0.00
-2.00
-35.00
-56.00
-78.00
-98.00
-115.00
-104.00
-111.00
-136.00
-162.00
-194.00
-278.00
-345.00
-291.00
-122.00
-6.00
134.00
203.00
213.00
177.00
115.00
54.00
-27.00
-65.00
-103.00
-103.00
-119.00
-90.00
-80.00
-60.00
2.00
74.00
77.00
56.00
39.00
-26.00
999999
6.00
6.00
6.00
101.00
203.00
341.00
373.00
386.00
186.00
78.00
-83.00
-143.00
-183.00
-221.00
-227.00
-188.00
-137.00
-127.00
-96.00
-54.00
-1.00
0.00
5.00
32.00
55.00
13.00
1.00
21.00
65.00
21.00
-30.00
-65.00
-35.00
-10.00
45.00
28.00
0.00
-19.00
-83.00
-290.00
-426.00
-555.00
-417.00
-78.00
218.00
294.00
349.00
284.00
203.00
140.00
91.00
56.00
-2.00
-99.00
-193.00
-170.00
-78.00
-1.00
11.00
8.00
-12.00
22.00
8.00
3.00
11.00
63.00
999999
72.00
72.00
72.00
112.00
316.00
347.00
274.00
205.00
98.00
17.00
-70.00
-109.00
-192.00
-185.00
-207.00
-184.00
-153.00
-123.00
-99.00
-90.00
-41.00
-31.00
-8.00
-1.00
-14.00
-16.00
22.00
-40.00
-5.00
60.00
82.00
30.00
7.00
14.00
-17.00
-12.00
18.00
0.00
-52.00
-119.00
-242.00
-396.00
-451.00
-289.00
-33.00
172.00
240.00
255.00
207.00
133.00
61.00
-8.00
-67.00
-74.00
-68.00
-28.00
-26.00
-24.00
-53.00
7.00
7.00
51.00
65.00
11.00
999999
86.00
86.00
119.00
241.00
365.00
361.00
392.00
337.00
235.00
24.00
-128.00
-252.00
-287.00
-299.00
-263.00
-153.00
-123.00
-91.00
-44.00
-20.00
0.00
20.00
12.00
2.00
-12.00
39.00
41.00
61.00
9.00
4.00
-58.00
-62.00
-76.00
-122.00
-122.00
-153.00
-253.00
-384.00
-512.00
-442.00
-55.00
207.00
268.00
279.00
282.00
220.00
132.00
69.00
-15.00
-148.00
-172.00
-95.00
-61.00
11.00
73.00
76.00
14.00
5.00
10.00
999999
-48.00
-48.00
-25.00
20.00
177.00
273.00
254.00
180.00
62.00
-7.00
-95.00
-204.00
-234.00
-297.00
-314.00
-330.00
-320.00
-280.00
-218.00
-142.00
-80.00
-51.00
51.00
27.00
-44.00
93.00
-54.00
-184.00
-199.00
-306.00
-307.00
-317.00
-269.00
-241.00
-243.00
-222.00
-255.00
-412.00
-372.00
-360.00
-205.00
-74.00
25.00
47.00
30.00
18.00
-54.00
-62.00
-120.00
-185.00
-298.00
-415.00
-497.00
-433.00
-296.00
-110.00
31.00
132.00
138.00
33.00
10.00
-101.00
-137.00
999999
-77.00
-77.00
-77.00
34.00
123.00
191.00
212.00
173.00
100.00
-6.00
-112.00
-290.00
-346.00
-369.00
-421.00
-351.00
-295.00
-216.00
-157.00
-114.00
-55.00
-8.00
-30.00
18.00
38.00
60.00
2.00
-40.00
-121.00
-267.00
-321.00
-344.00
-339.00
-314.00
-244.00
-243.00
-191.00
-165.00
-188.00
-264.00
-378.00
-436.00
-301.00
-141.00
-83.00
-11.00
4.00
-37.00
-57.00
-83.00
-132.00
-180.00
-318.00
-418.00
-518.00
-472.00
-371.00
-202.00
-44.00
143.00
144.00
113.00
59.00
6.00
-65.00
999999
29.00
120.00
120.00
123.00
438.00
569.00
643.00
388.00
23.00
-288.00
-466.00
-438.00
-325.00
-241.00
-141.00
-97.00
-66.00
30.00
123.00
64.00
206.00
165.00
14.00
-102.00
-189.00
-228.00
-320.00
-775.00
-918.00
-359.00
316.00
503.00
401.00
297.00
156.00
59.00
3.00
-95.00
13.00
9.00
-11.00
-1.00
-32.00
-29.00
42.00
64.00
22.00
999999
101.00
101.00
101.00
203.00
396.00
613.00
498.00
200.00
-126.00
-269.00
-325.00
-327.00
-222.00
-155.00
-133.00
-92.00
-91.00
-117.00
-80.00
18.00
32.00
216.00
177.00
-8.00
-38.00
-9.00
-86.00
-128.00
-161.00
-280.00
-642.00
-766.00
-441.00
110.00
430.00
420.00
292.00
245.00
119.00
-35.00
-209.00
-137.00
-1.00
-60.00
-77.00
39.00
67.00
74.00
90.00
28.00
999999
-115.00
-115.00
-115.00
5.00
82.00
81.00
73.00
3.00
-100.00
-223.00
-392.00
-415.00
-408.00
-328.00
-279.00
-174.00
-32.00
88.00
74.00
97.00
56.00
-53.00
-215.00
-379.00
-444.00
-439.00
-491.00
-553.00
-566.00
-501.00
-338.00
-116.00
-22.00
23.00
-35.00
-148.00
-264.00
-454.00
-547.00
-395.00
-148.00
89.00
85.00
2.00
-15.00
-63.00
999999
-59.00
-36.00
-36.00
24.00
170.00
238.00
205.00
120.00
-48.00
-197.00
-319.00
-371.00
-423.00
-413.00
-356.00
-209.00
-117.00
25.00
126.00
113.00
158.00
56.00
-47.00
-176.00
-245.00
-319.00
-300.00
-318.00
-347.00
-370.00
-499.00
-566.00
-432.00
-180.00
0.00
54.00
26.00
-33.00
-106.00
-285.00
-414.00
-457.00
-284.00
-24.00
109.00
124.00
75.00
27.00
-23.00
-56.00
-63.00
999999
-67.00
-67.00
-34.00
-78.00
62.00
166.00
248.00
179.00
50.00
-83.00
-266.00
-387.00
-434.00
-399.00
-324.00
-215.00
-201.00
-142.00
-113.00
-41.00
48.00
74.00
39.00
18.00
-63.00
-143.00
-268.00
-366.00
-377.00
-363.00
-314.00
-269.00
-282.00
-310.00
-359.00
-511.00
-449.00
-296.00
-99.00
8.00
28.00
-30.00
-45.00
-155.00
-260.00
-458.00
-689.00
-659.00
-407.00
-83.00
187.00
185.00
111.00
20.00
-34.00
999999
102.00
102.00
105.00
189.00
410.00
526.00
592.00
503.00
189.00
-57.00
-209.00
-303.00
-299.00
-254.00
-153.00
-72.00
-30.00
33.00
60.00
38.00
-4.00
12.00
36.00
63.00
67.00
147.00
87.00
60.00
22.00
-8.00
-17.00
-137.00
-233.00
-648.00
-804.00
-522.00
8.00
403.00
500.00
469.00
311.00
135.00
25.00
28.00
141.00
198.00
125.00
49.00
-94.00
-36.00
57.00
113.00
100.00
999999
87.00
87.00
117.00
193.00
373.00
726.00
704.00
407.00
12.00
-244.00
-322.00
-326.00
-239.00
-176.00
-62.00
-4.00
35.00
35.00
68.00
88.00
5.00
-29.00
0.00
74.00
37.00
17.00
75.00
72.00
33.00
49.00
1.00
-27.00
-87.00
-221.00
-431.00
-792.00
-836.00
-295.00
403.00
517.00
528.00
416.00
277.00
143.00
64.00
-42.00
-92.00
-72.00
3.00
44.00
38.00
-1.00
-147.00
-111.00
-20.00
107.00
76.00
999999
35.00
35.00
22.00
78.00
238.00
408.00
447.00
506.00
391.00
130.00
-128.00
-335.00
-397.00
-369.00
-289.00
-154.00
-87.00
18.00
44.00
38.00
46.00
11.00
-17.00
-6.00
-11.00
-26.00
39.00
44.00
23.00
-6.00
-5.00
-18.00
-18.00
-70.00
-225.00
-559.00
-890.00
-767.00
-131.00
350.00
404.00
338.00
291.00
180.00
67.00
-16.00
13.00
92.00
143.00
39.00
-35.00
-86.00
-106.00
2.00
56.00
13.00
25.00
9.00
999999
103.00
103.00
85.00
137.00
331.00
497.00
505.00
561.00
454.00
263.00
42.00
-185.00
-300.00
-304.00
-268.00
-171.00
-43.00
49.00
130.00
124.00
80.00
-57.00
-38.00
7.00
20.00
40.00
35.00
74.00
41.00
29.00
27.00
-15.00
-136.00
-402.00
-689.00
-762.00
-481.00
-15.00
375.00
461.00
407.00
286.00
179.00
145.00
68.00
-30.00
20.00
58.00
-2.00
-85.00
-110.00
-120.00
-78.00
14.00
56.00
999999
87.00
87.00
87.00
131.00
231.00
332.00
490.00
492.00
389.00
145.00
12.00
-143.00
-237.00
-242.00
-219.00
-201.00
8.00
11.00
49.00
66.00
50.00
-8.00
-91.00
-24.00
-43.00
-1.00
-2.00
38.00
87.00
71.00
27.00
5.00
-6.00
-50.00
-176.00
-597.00
-735.00
-514.00
-46.00
196.00
348.00
302.00
198.00
128.00
20.00
-54.00
-92.00
125.00
85.00
29.00
-77.00
-129.00
-80.00
-35.00
22.00
30.00
17.00
999999
213.00
213.00
213.00
473.00
657.00
658.00
333.00
6.00
-251.00
-344.00
-322.00
-210.00
-154.00
-66.00
-40.00
1.00
-4.00
40.00
10.00
-30.00
-69.00
-97.00
-88.00
-1.00
62.00
46.00
44.00
57.00
44.00
60.00
78.00
23.00
-64.00
-247.00
-448.00
-709.00
-560.00
-201.00
231.00
416.00
348.00
258.00
74.00
8.00
-63.00
1.00
54.00
118.00
23.00
-2.00
-92.00
-56.00
-36.00
57.00
999999
66.00
34.00
34.00
91.00
277.00
428.00
599.00
624.00
315.00
-8.00
-266.00
-401.00
-306.00
-281.00
-210.00
-98.00
-55.00
-28.00
27.00
61.00
67.00
45.00
-9.00
-59.00
-47.00
3.00
-26.00
-40.00
-20.00
7.00
9.00
55.00
20.00
-5.00
-127.00
-380.00
-810.00
-648.00
-243.00
168.00
355.00
330.00
232.00
139.00
53.00
-25.00
-120.00
-14.00
31.00
23.00
-65.00
-130.00
-76.00
15.00
64.00
43.00
999999
141.00
141.00
141.00
161.00
398.00
546.00
593.00
386.00
127.00
-100.00
-288.00
-291.00
-214.00
-162.00
-73.00
-61.00
-46.00
28.00
61.00
70.00
49.00
3.00
-22.00
-38.00
-117.00
-51.00
16.00
67.00
38.00
-13.00
-15.00
7.00
-16.00
-36.00
-155.00
-360.00
-675.00
-666.00
-97.00
309.00
492.00
394.00
335.00
138.00
57.00
16.00
-68.00
-101.00
-31.00
48.00
49.00
-66.00
-133.00
-98.00
-2.00
50.00
62.00
36.00
32.00
999999
-32.00
-33.00
-33.00
45.00
192.00
241.00
285.00
247.00
99.00
-33.00
-153.00
-302.00
-389.00
-427.00
-387.00
-216.00
-191.00
-97.00
-46.00
1.00
58.00
36.00
30.00
59.00
25.00
-91.00
-154.00
-191.00
-200.00
-217.00
-164.00
-197.00
-129.00
-101.00
-83.00
-62.00
-130.00
-368.00
-711.00
-857.00
-500.00
61.00
250.00
231.00
135.00
88.00
-47.00
-88.00
-215.00
-326.00
-457.00
-444.00
-346.00
-231.00
99.00
123.00
111.00
80.00
75.00
21.00
999999
185.00
185.00
196.00
337.00
472.00
522.00
545.00
398.00
201.00
-5.00
-63.00
-154.00
-225.00
-156.00
-117.00
-77.00
-8.00
12.00
-11.00
-4.00
-12.00
-79.00
-37.00
102.00
130.00
152.00
72.00
37.00
51.00
56.00
16.00
-58.00
-147.00
-342.00
-477.00
-467.00
-238.00
58.00
255.00
312.00
298.00
214.00
124.00
80.00
3.00
-40.00
60.00
133.00
82.00
28.00
-43.00
-129.00
-109.00
-15.00
3.00
66.00
92.00
999999
155.00
165.00
165.00
210.00
372.00
502.00
495.00
426.00
188.00
88.00
-21.00
-73.00
-95.00
-111.00
-48.00
-24.00
11.00
46.00
86.00
87.00
88.00
34.00
0.00
-43.00
1.00
36.00
85.00
126.00
152.00
141.00
69.00
68.00
50.00
122.00
114.00
87.00
3.00
-58.00
-197.00
-293.00
-336.00
-309.00
37.00
261.00
323.00
375.00
383.00
331.00
241.00
199.00
128.00
155.00
181.00
197.00
89.00
-21.00
-231.00
-252.00
3.00
111.00
114.00
81.00
62.00
999999
43.00
43.00
43.00
126.00
335.00
542.00
646.00
587.00
258.00
-69.00
-272.00
-324.00
-285.00
-205.00
-71.00
-4.00
23.00
5.00
12.00
-1.00
-19.00
3.00
-11.00
117.00
132.00
54.00
-57.00
-67.00
-93.00
-37.00
-23.00
-42.00
-111.00
-283.00
-512.00
-606.00
-360.00
106.00
341.00
387.00
354.00
250.00
152.00
15.00
-62.00
-111.00
-38.00
0.00
-15.00
-34.00
-51.00
-49.00
46.00
76.00
29.00
41.00
26.00
999999
130.00
130.00
97.00
231.00
368.00
563.00
628.00
547.00
188.00
-71.00
-140.00
-188.00
-142.00
-49.00
-16.00
66.00
76.00
121.00
126.00
43.00
2.00
-58.00
-55.00
82.00
89.00
142.00
89.00
71.00
62.00
59.00
67.00
73.00
75.00
49.00
-56.00
-318.00
-605.00
-475.00
-188.00
193.00
410.00
443.00
388.00
268.00
151.00
79.00
53.00
48.00
134.00
160.00
73.00
-46.00
-91.00
-148.00
7.00
69.00
107.00
114.00
999999
112.00
124.00
124.00
154.00
302.00
471.00
500.00
492.00
400.00
118.00
-50.00
-194.00
-319.00
-260.00
-172.00
-91.00
10.00
20.00
43.00
41.00
52.00
59.00
-1.00
-61.00
-64.00
22.00
36.00
14.00
23.00
-13.00
-16.00
-43.00
-42.00
-45.00
-31.00
-57.00
-213.00
-354.00
-493.00
-435.00
-82.00
50.00
273.00
312.00
276.00
204.00
67.00
-7.00
-63.00
-100.00
-116.00
-50.00
38.00
22.00
-18.00
40.00
6.00
77.00
97.00
53.00
55.00
53.00
33.00
999999
25.00
25.00
25.00
82.00
167.00
323.00
468.00
383.00
135.00
-36.00
-197.00
-314.00
-354.00
-273.00
-206.00
-131.00
33.00
89.00
110.00
36.00
19.00
1.00
-9.00
11.00
-27.00
-32.00
-61.00
-76.00
-19.00
25.00
54.00
63.00
4.00
-51.00
-156.00
-361.00
-471.00
-542.00
-423.00
-27.00
214.00
288.00
263.00
208.00
298.00
85.00
5.00
-12.00
-117.00
8.00
37.00
2.00
-82.00
-41.00
14.00
-21.00
46.00
21.00
15.00
33.00
999999
10.00
10.00
10.00
89.00
304.00
266.00
146.00
-10.00
-145.00
-248.00
-315.00
-370.00
-387.00
-318.00
-251.00
-170.00
-108.00
-28.00
56.00
69.00
90.00
31.00
-28.00
-163.00
-264.00
-291.00
-290.00
-250.00
-231.00
-250.00
-329.00
-383.00
-557.00
-482.00
-322.00
-2.00
38.00
82.00
64.00
3.00
-20.00
-161.00
-276.00
-454.00
-574.00
-486.00
-240.00
-23.00
82.00
118.00
58.00
26.00
-18.00
999999
116.00
116.00
116.00
164.00
221.00
440.00
499.00
343.00
72.00
-162.00
-190.00
-226.00
-239.00
-210.00
-169.00
-108.00
-74.00
-35.00
-8.00
23.00
-14.00
-9.00
8.00
35.00
5.00
-23.00
-12.00
5.00
5.00
-44.00
-35.00
-33.00
-92.00
-59.00
-67.00
-70.00
-177.00
-446.00
-543.00
-376.00
-24.00
249.00
239.00
204.00
196.00
118.00
31.00
-11.00
-5.00
-42.00
-54.00
-83.00
-108.00
-94.00
-24.00
3.00
2.00
-36.00
-78.00
-33.00
-8.00
65.00
28.00
49.00
47.00
999999
9.00
11.00
11.00
45.00
149.00
382.00
396.00
303.00
240.00
175.00
13.00
-127.00
-256.00
-343.00
-332.00
-295.00
-225.00
-142.00
-74.00
5.00
28.00
34.00
-2.00
10.00
-20.00
-7.00
21.00
41.00
12.00
12.00
-26.00
-7.00
-25.00
-48.00
-51.00
-77.00
-265.00
-421.00
-683.00
-363.00
18.00
287.00
364.00
287.00
244.00
122.00
1.00
-82.00
-167.00
-116.00
-64.00
2.00
8.00
-5.00
-8.00
-98.00
-5.00
11.00
3.00
16.00
999999
174.00
174.00
174.00
207.00
340.00
472.00
537.00
525.00
388.00
196.00
30.00
-72.00
-99.00
-60.00
-27.00
3.00
-5.00
78.00
65.00
-6.00
-10.00
31.00
87.00
111.00
166.00
223.00
218.00
155.00
102.00
99.00
58.00
-26.00
-105.00
-258.00
-359.00
-235.00
-52.00
240.00
368.00
368.00
286.00
243.00
172.00
125.00
91.00
69.00
108.00
124.00
116.00
64.00
1.00
-61.00
-78.00
-54.00
1.00
-9.00
999999
41.00
86.00
86.00
276.00
438.00
545.00
675.00
613.00
358.00
123.00
-6.00
-104.00
-133.00
-76.00
-49.00
9.00
61.00
59.00
51.00
-8.00
-123.00
-95.00
29.00
162.00
296.00
300.00
242.00
207.00
157.00
113.00
24.00
-61.00
-305.00
-411.00
-261.00
130.00
377.00
417.00
416.00
402.00
340.00
273.00
280.00
312.00
395.00
424.00
386.00
189.00
-17.00
-97.00
-161.00
-60.00
1.00
77.00
999999
74.00
74.00
101.00
190.00
331.00
521.00
616.00
613.00
283.00
-43.00
-156.00
-235.00
-205.00
-136.00
-5.00
54.00
-12.00
-20.00
-142.00
-52.00
142.00
218.00
166.00
78.00
100.00
149.00
62.00
-13.00
-214.00
-494.00
-677.00
-557.00
-216.00
251.00
443.00
442.00
376.00
279.00
155.00
51.00
1.00
-21.00
-42.00
16.00
2.00
-28.00
-25.00
5.00
83.00
44.00
21.00
999999
53.00
53.00
53.00
170.00
342.00
442.00
629.00
629.00
346.00
94.00
-30.00
-40.00
-68.00
-1.00
56.00
108.00
131.00
60.00
-104.00
-247.00
-216.00
56.00
257.00
397.00
388.00
293.00
324.00
264.00
211.00
141.00
10.00
-169.00
-288.00
-246.00
-6.00
289.00
425.00
430.00
445.00
402.00
321.00
315.00
288.00
353.00
480.00
525.00
286.00
0.00
-147.00
-195.00
-133.00
19.00
82.00
999999
148.00
148.00
179.00
213.00
337.00
455.00
626.00
603.00
372.00
96.00
-35.00
-82.00
-101.00
-103.00
-26.00
29.00
60.00
80.00
103.00
76.00
-51.00
-172.00
-161.00
-44.00
168.00
417.00
401.00
361.00
254.00
282.00
201.00
185.00
220.00
249.00
166.00
50.00
-163.00
-321.00
-295.00
56.00
291.00
383.00
415.00
391.00
314.00
209.00
156.00
217.00
248.00
334.00
411.00
424.00
464.00
475.00
327.00
-26.00
-154.00
-196.00
-96.00
48.00
999999
53.00
53.00
53.00
185.00
243.00
436.00
643.00
596.00
403.00
118.00
-110.00
-180.00
-270.00
-289.00
-272.00
-178.00
-121.00
-52.00
-27.00
18.00
-2.00
-8.00
-46.00
-39.00
-104.00
45.00
53.00
40.00
121.00
78.00
5.00
-6.00
-30.00
-18.00
-96.00
-152.00
-242.00
-489.00
-483.00
-202.00
81.00
229.00
333.00
339.00
238.00
167.00
84.00
42.00
-12.00
-51.00
-68.00
-86.00
-87.00
-79.00
-106.00
63.00
46.00
68.00
102.00
86.00
999999
-54.00
-74.00
-74.00
-44.00
59.00
319.00
480.00
484.00
339.00
122.00
-102.00
-254.00
-370.00
-408.00
-318.00
-197.00
-135.00
-137.00
-60.00
-133.00
-141.00
30.00
47.00
150.00
133.00
137.00
48.00
-23.00
-81.00
-71.00
-55.00
-92.00
-245.00
-431.00
-537.00
-294.00
-29.00
166.00
353.00
207.00
139.00
106.00
172.00
73.00
-36.00
-147.00
-230.00
-77.00
-65.00
96.00
24.00
51.00
7.00
-23.00
-73.00
-73.00
-53.00
999999
109.00
109.00
109.00
179.00
315.00
635.00
613.00
420.00
97.00
-129.00
-306.00
-377.00
-327.00
-254.00
-167.00
-75.00
-46.00
-49.00
-23.00
-12.00
-22.00
17.00
50.00
16.00
4.00
57.00
-10.00
-45.00
-111.00
-217.00
-272.00
-448.00
-490.00
-442.00
-8.00
170.00
230.00
175.00
154.00
145.00
78.00
3.00
-92.00
-81.00
-61.00
-72.00
-85.00
-36.00
2.00
25.00
8.00
999999
-126.00
-126.00
-90.00
3.00
73.00
152.00
102.00
40.00
-49.00
-169.00
-274.00
-392.00
-422.00
-430.00
-364.00
-318.00
-209.00
-95.00
20.00
83.00
104.00
110.00
-27.00
-148.00
-271.00
-352.00
-392.00
-396.00
-421.00
-428.00
-438.00
-503.00
-410.00
-220.00
-81.00
-100.00
-139.00
-170.00
-180.00
-258.00
-287.00
-467.00
-522.00
-611.00
-538.00
-369.00
-197.00
93.00
156.00
139.00
61.00
999999
-146.00
-134.00
-134.00
-138.00
-59.00
-46.00
-113.00
-168.00
-262.00
-265.00
-293.00
-355.00
-385.00
-381.00
-361.00
-311.00
-199.00
-69.00
86.00
219.00
275.00
45.00
-40.00
-355.00
-488.00
-583.00
-552.00
-529.00
-477.00
-448.00
-412.00
-354.00
-322.00
-213.00
-201.00
-208.00
-133.00
-172.00
-214.00
-326.00
-494.00
-685.00
-767.00
-683.00
-473.00
-25.00
198.00
177.00
146.00
39.00
-53.00
999999
-198.00
-238.00
-238.00
-187.00
-13.00
-93.00
-109.00
-126.00
-150.00
-193.00
-270.00
-320.00
-369.00
-352.00
-330.00
-295.00
-222.00
-96.00
-27.00
83.00
131.00
113.00
31.00
-181.00
-392.00
-550.00
-607.00
-513.00
-454.00
-403.00
-364.00
-356.00
-360.00
-267.00
-203.00
-122.00
-177.00
-223.00
-224.00
-246.00
-274.00
-348.00
-391.00
-544.00
-662.00
-799.00
-798.00
-578.00
-212.00
73.00
336.00
246.00
198.00
97.00
9.00
-121.00
999999
-207.00
-207.00
-207.00
-180.00
-156.00
-204.00
-216.00
-210.00
-192.00
-209.00
-212.00
-276.00
-306.00
-341.00
-330.00
-343.00
-257.00
-215.00
-175.00
-52.00
92.00
162.00
82.00
-103.00
-261.00
-432.00
-589.00
-599.00
-536.00
-459.00
-427.00
-384.00
-322.00
-292.00
-353.00
-254.00
-98.00
-99.00
-121.00
-256.00
-220.00
-291.00
-282.00
-309.00
-336.00
-367.00
-524.00
-574.00
-708.00
-749.00
-537.00
-112.00
160.00
255.00
205.00
81.00
-22.00
-66.00
-160.00
999999
-167.00
-167.00
-167.00
-86.00
-69.00
-128.00
-152.00
-184.00
-237.00
-245.00
-344.00
-360.00
-316.00
-324.00
-234.00
-228.00
-172.00
-99.00
1.00
123.00
199.00
92.00
-42.00
-371.00
-536.00
-641.00
-584.00
-530.00
-497.00
-392.00
-372.00
-331.00
-329.00
-336.00
-151.00
-75.00
-88.00
-157.00
-255.00
-209.00
-206.00
-227.00
-306.00
-343.00
-489.00
-638.00
-804.00
-920.00
-798.00
-325.00
221.00
436.00
312.00
167.00
39.00
-63.00
-156.00
-176.00
999999
-194.00
-194.00
-194.00
-122.00
-18.00
-125.00
-155.00
-192.00
-191.00
-272.00
-332.00
-333.00
-340.00
-308.00
-274.00
-218.00
-186.00
-104.00
-59.00
83.00
236.00
137.00
-57.00
-254.00
-584.00
-612.00
-570.00
-510.00
-415.00
-381.00
-357.00
-322.00
-308.00
-305.00
-334.00
-279.00
-170.00
-114.00
-186.00
-231.00
-238.00
-273.00
-279.00
-265.00
-400.00
-437.00
-693.00
-853.00
-885.00
-672.00
-20.00
316.00
217.00
118.00
15.00
-138.00
-164.00
-189.00
999999
-212.00
-212.00
-218.00
-205.00
-135.00
-106.00
-147.00
-253.00
-272.00
-289.00
-319.00
-320.00
-290.00
-279.00
-287.00
-254.00
-269.00
-243.00
-191.00
-154.00
-97.00
-14.00
87.00
115.00
101.00
-24.00
-247.00
-551.00
-631.00
-642.00
-555.00
-436.00
-392.00
-344.00
-323.00
-303.00
-324.00
-224.00
-135.00
-130.00
-185.00
-204.00
-238.00
-237.00
-256.00
-331.00
-391.00
-490.00
-659.00
-785.00
-762.00
-537.00
-148.00
167.00
234.00
212.00
91.00
29.00
-100.00
-135.00
999999
-224.00
-224.00
-224.00
-236.00
-92.00
-65.00
-149.00
-212.00
-229.00
-245.00
-269.00
-310.00
-300.00
-323.00
-302.00
-278.00
-268.00
-220.00
-233.00
-195.00
-166.00
-134.00
-45.00
35.00
53.00
103.00
-114.00
-256.00
-534.00
-660.00
-616.00
-586.00
-509.00
-400.00
-354.00
-315.00
-321.00
-347.00
-203.00
-46.00
-141.00
-143.00
-146.00
-223.00
-197.00
-254.00
-277.00
-378.00
-488.00
-718.00
-881.00
-703.00
-370.00
28.00
335.00
213.00
126.00
-25.00
-65.00
-192.00
-219.00
-179.00
999999
-204.00
-204.00
-204.00
-223.00
-174.00
-147.00
-176.00
-164.00
-189.00
-171.00
-166.00
-214.00
-297.00
-372.00
-420.00
-368.00
-364.00
-293.00
-224.00
-154.00
-69.00
8.00
81.00
96.00
121.00
-59.00
-148.00
-368.00
-506.00
-609.00
-637.00
-571.00
-473.00
-421.00
-332.00
-287.00
-220.00
-72.00
-113.00
-174.00
-255.00
-236.00
-302.00
-375.00
-379.00
-465.00
-599.00
-691.00
-775.00
-580.00
-261.00
233.00
242.00
243.00
115.00
-48.00
-126.00
-179.00
999999
-185.00
-162.00
-162.00
-203.00
-181.00
-175.00
-174.00
-160.00
-226.00
-238.00
-201.00
-278.00
-362.00
-375.00
-291.00
-236.00
-241.00
-201.00
-169.00
-110.00
-66.00
48.00
75.00
110.00
7.00
-177.00
-339.00
-496.00
-617.00
-600.00
-545.00
-462.00
-380.00
-307.00
-295.00
-223.00
-160.00
-123.00
-241.00
-330.00
-264.00
-310.00
-300.00
-338.00
-419.00
-485.00
-706.00
-737.00
-766.00
-568.00
-166.00
174.00
357.00
247.00
115.00
5.00
999999
-244.00
-194.00
-194.00
-188.00
-174.00
-192.00
-216.00
-210.00
-222.00
-196.00
-173.00
-208.00
-234.00
-302.00
-320.00
-315.00
-235.00
-132.00
-24.00
132.00
227.00
238.00
-6.00
-289.00
-573.00
-725.00
-700.00
-580.00
-470.00
-451.00
-360.00
-310.00
-219.00
-102.00
-116.00
-195.00
-242.00
-342.00
-336.00
-466.00
-562.00
-600.00
-772.00
-781.00
-596.00
-87.00
204.00
267.00
203.00
147.00
49.00
-115.00
999999
-182.00
-173.00
-173.00
-147.00
-211.00
-216.00
-268.00
-262.00
-244.00
-308.00
-290.00
-243.00
-213.00
-242.00
-209.00
-254.00
-221.00
-158.00
-96.00
51.00
124.00
131.00
-58.00
-224.00
-536.00
-636.00
-597.00
-484.00
-444.00
-395.00
-372.00
-341.00
-335.00
-284.00
-224.00
-192.00
-175.00
-200.00
-218.00
-290.00
-331.00
-499.00
-592.00
-796.00
-815.00
-574.00
-269.00
103.00
254.00
195.00
140.00
-50.00
-140.00
999999
-245.00
-227.00
-227.00
-203.00
-208.00
-270.00
-319.00
-302.00
-205.00
-157.00
-193.00
-243.00
-241.00
-258.00
-269.00
-261.00
-255.00
-233.00
-195.00
-95.00
62.00
126.00
173.00
46.00
-64.00
-273.00
-519.00
-663.00
-681.00
-580.00
-516.00
-444.00
-341.00
-231.00
-173.00
-151.00
-185.00
-269.00
-288.00
-287.00
-344.00
-385.00
-492.00
-615.00
-845.00
-819.00
-690.00
-323.00
229.00
324.00
274.00
185.00
63.00
-65.00
999999
-267.00
-267.00
-267.00
-216.00
-117.00
-340.00
-315.00
-321.00
-216.00
-205.00
-195.00
-193.00
-198.00
-221.00
-255.00
-236.00
-256.00
-197.00
-162.00
-72.00
32.00
179.00
270.00
47.00
-233.00
-541.00
-656.00
-566.00
-532.00
-462.00
-406.00
-362.00
-338.00
-314.00
-222.00
-171.00
-113.00
-242.00
-300.00
-352.00
-360.00
-393.00
-441.00
-462.00
-556.00
-665.00
-733.00
-657.00
-260.00
23.00
200.00
277.00
230.00
61.00
-67.00
-192.00
999999
75.00
75.00
59.00
49.00
286.00
350.00
635.00
604.00
242.00
-196.00
-406.00
-397.00
-353.00
-217.00
-140.00
-88.00
-80.00
-42.00
-8.00
26.00
59.00
69.00
42.00
29.00
23.00
15.00
34.00
31.00
-38.00
-194.00
-538.00
-715.00
-454.00
-10.00
295.00
387.00
324.00
248.00
117.00
-42.00
-132.00
-67.00
-31.00
-32.00
9.00
-4.00
5.00
29.00
47.00
30.00
39.00
999999
61.00
61.00
89.00
114.00
238.00
305.00
373.00
375.00
251.00
14.00
-90.00
-186.00
-239.00
-255.00
-269.00
-193.00
-136.00
-96.00
-41.00
-17.00
-2.00
1.00
-2.00
-12.00
8.00
2.00
-9.00
-7.00
16.00
-12.00
-11.00
-22.00
-54.00
-96.00
-73.00
-64.00
-107.00
-118.00
-171.00
-336.00
-456.00
-417.00
-98.00
88.00
208.00
237.00
189.00
121.00
83.00
61.00
36.00
-50.00
-91.00
-63.00
-67.00
-43.00
-43.00
-37.00
-22.00
3.00
33.00
30.00
57.00
27.00
20.00
999999
-130.00
-151.00
-151.00
-170.00
-25.00
16.00
-19.00
-114.00
-129.00
-232.00
-323.00
-374.00
-350.00
-274.00
-289.00
-224.00
-200.00
-174.00
-109.00
30.00
167.00
182.00
52.00
-194.00
-444.00
-603.00
-583.00
-451.00
-477.00
-413.00
-404.00
-436.00
-439.00
-342.00
-178.00
-123.00
-87.00
-90.00
-165.00
-237.00
-265.00
-327.00
-382.00
-486.00
-595.00
-714.00
-688.00
-563.00
-194.00
23.00
187.00
253.00
174.00
69.00
-49.00
999999
-146.00
-146.00
-146.00
-145.00
-112.00
-117.00
-211.00
-233.00
-234.00
-233.00
-288.00
-289.00
-310.00
-283.00
-311.00
-262.00
-269.00
-210.00
-192.00
-147.00
-56.00
45.00
134.00
146.00
5.00
-193.00
-420.00
-551.00
-597.00
-568.00
-518.00
-442.00
-346.00
-299.00
-218.00
-221.00
-290.00
-289.00
-360.00
-254.00
-196.00
-181.00
-231.00
-228.00
-232.00
-267.00
-322.00
-383.00
-475.00
-566.00
-649.00
-675.00
-563.00
-352.00
-107.00
33.00
167.00
172.00
99.00
43.00
999999
-198.00
-198.00
-198.00
-177.00
-139.00
-109.00
-69.00
-88.00
-115.00
-178.00
-180.00
-256.00
-294.00
-319.00
-301.00
-282.00
-284.00
-249.00
-203.00
-182.00
-131.00
-90.00
-7.00
63.00
58.00
20.00
-99.00
-206.00
-328.00
-459.00
-511.00
-563.00
-510.00
-451.00
-445.00
-388.00
-386.00
-360.00
-249.00
-130.00
-164.00
-145.00
-198.00
-194.00
-214.00
-221.00
-252.00
-243.00
-325.00
-365.00
-429.00
-546.00
-610.00
-596.00
-405.00
-206.00
44.00
156.00
129.00
115.00
90.00
-8.00
999999
-66.00
-66.00
-52.00
-53.00
56.00
214.00
263.00
232.00
183.00
50.00
-68.00
-277.00
-353.00
-449.00
-431.00
-330.00
-243.00
-175.00
-105.00
-74.00
-56.00
-29.00
-13.00
5.00
5.00
67.00
70.00
-27.00
-58.00
-193.00
-243.00
-288.00
-292.00
-257.00
-253.00
-242.00
-238.00
-263.00
-303.00
-387.00
-435.00
-359.00
-333.00
-195.00
-83.00
-5.00
16.00
5.00
-34.00
-83.00
-124.00
-146.00
-197.00
-276.00
-354.00
-444.00
-510.00
-465.00
-362.00
-123.00
88.00
222.00
255.00
133.00
-16.00
-68.00
-119.00
-99.00
999999
-212.00
-211.00
-211.00
-195.00
-143.00
-94.00
-87.00
-59.00
-58.00
-78.00
-140.00
-194.00
-260.00
-384.00
-367.00
-336.00
-284.00
-238.00
-216.00
-173.00
-127.00
-121.00
-67.00
-5.00
48.00
78.00
-27.00
-171.00
-366.00
-475.00
-513.00
-470.00
-426.00
-380.00
-327.00
-300.00
-269.00
-271.00
-298.00
-358.00
-414.00
-366.00
-182.00
-144.00
-87.00
-92.00
-138.00
-209.00
-259.00
-284.00
-281.00
-358.00
-411.00
-485.00
-633.00
-768.00
-585.00
-295.00
36.00
163.00
220.00
136.00
73.00
-50.00
-95.00
999999
-218.00
-218.00
-165.00
-100.00
-147.00
-86.00
-132.00
-60.00
-100.00
-79.00
-194.00
-255.00
-354.00
-404.00
-362.00
-319.00
-256.00
-226.00
-190.00
-175.00
-135.00
-101.00
-11.00
33.00
19.00
60.00
-80.00
-128.00
-429.00
-514.00
-568.00
-550.00
-455.00
-420.00
-383.00
-381.00
-396.00
-324.00
-184.00
-89.00
-88.00
-84.00
-89.00
-185.00
-224.00
-295.00
-274.00
-387.00
-551.00
-644.00
-642.00
-474.00
-139.00
121.00
222.00
138.00
69.00
17.00
999999
-165.00
-143.00
-143.00
-172.00
-196.00
-325.00
-344.00
-304.00
-256.00
-178.00
-174.00
-207.00
-215.00
-227.00
-243.00
-221.00
-241.00
-221.00
-196.00
-160.00
-112.00
-14.00
58.00
73.00
-29.00
-95.00
-295.00
-444.00
-584.00
-609.00
-569.00
-491.00
-395.00
-357.00
-333.00
-321.00
-299.00
-268.00
-190.00
-137.00
-140.00
-208.00
-225.00
-239.00
-227.00
-252.00
-280.00
-354.00
-467.00
-567.00
-638.00
-687.00
-508.00
-237.00
43.00
188.00
170.00
66.00
-20.00
-116.00
-155.00
999999
-203.00
-191.00
-191.00
-137.00
-143.00
-192.00
-217.00
-188.00
-191.00
-200.00
-179.00
-255.00
-325.00
-316.00
-327.00
-312.00
-288.00
-251.00
-250.00
-168.00
-145.00
-110.00
16.00
87.00
125.00
81.00
-142.00
-241.00
-409.00
-496.00
-513.00
-478.00
-450.00
-372.00
-356.00
-330.00
-298.00
-290.00
-270.00
-311.00
-383.00
-355.00
-295.00
-257.00
-154.00
-140.00
-158.00
-166.00
-185.00
-212.00
-256.00
-344.00
-457.00
-630.00
-825.00
-791.00
-556.00
-275.00
60.00
240.00
241.00
96.00
-28.00
-126.00
999999
-208.00
-208.00
-208.00
-207.00
-248.00
-320.00
-287.00
-247.00
-271.00
-217.00
-190.00
-201.00
-217.00
-264.00
-235.00
-276.00
-257.00
-265.00
-255.00
-248.00
-222.00
-199.00
-191.00
-169.00
-137.00
-78.00
-29.00
-15.00
-27.00
-122.00
-210.00
-338.00
-419.00
-476.00
-463.00
-447.00
-438.00
-397.00
-361.00
-327.00
-308.00
-333.00
-330.00
-278.00
-235.00
-185.00
-165.00
-185.00
-177.00
-190.00
-195.00
-227.00
-242.00
-267.00
-286.00
-325.00
-357.00
-449.00
-526.00
-652.00
-736.00
-596.00
-239.00
-17.00
122.00
159.00
172.00
73.00
-26.00
-68.00
999999
-219.00
-219.00
-219.00
-178.00
-224.00
-274.00
-271.00
-229.00
-110.00
-125.00
-173.00
-253.00
-255.00
-238.00
-247.00
-211.00
-184.00
-138.00
-87.00
-6.00
134.00
153.00
83.00
-82.00
-324.00
-542.00
-675.00
-635.00
-538.00
-503.00
-409.00
-399.00
-368.00
-368.00
-313.00
-180.00
-82.00
-118.00
-93.00
-201.00
-265.00
-310.00
-344.00
-444.00
-632.00
-809.00
-880.00
-708.00
-341.00
82.00
300.00
273.00
315.00
61.00
999999
-193.00
-217.00
-217.00
-150.00
-182.00
-279.00
-313.00
-355.00
-311.00
-230.00
-175.00
-113.00
-170.00
-235.00
-257.00
-242.00
-230.00
-232.00
-207.00
-170.00
-89.00
-23.00
127.00
168.00
149.00
-33.00
-342.00
-614.00
-664.00
-603.00
-532.00
-471.00
-423.00
-389.00
-390.00
-219.00
-164.00
-162.00
-159.00
-161.00
-220.00
-192.00
-282.00
-331.00
-370.00
-461.00
-607.00
-778.00
-757.00
-575.00
-248.00
152.00
223.00
269.00
143.00
19.00
999999
-202.00
-202.00
-202.00
-164.00
-127.00
-101.00
-134.00
-113.00
-75.00
-78.00
-186.00
-316.00
-380.00
-373.00
-333.00
-295.00
-324.00
-286.00
-260.00
-197.00
-178.00
-46.00
86.00
227.00
134.00
62.00
-212.00
-420.00
-545.00
-530.00
-480.00
-421.00
-387.00
-345.00
-362.00
-391.00
-450.00
-390.00
-240.00
-140.00
-65.00
-82.00
-137.00
-191.00
-190.00
-236.00
-285.00
-328.00
-403.00
-500.00
-734.00
-792.00
-504.00
-88.00
204.00
224.00
159.00
23.00
-112.00
999999
-151.00
-151.00
-148.00
-132.00
-133.00
-146.00
-200.00
-226.00
-171.00
-188.00
-233.00
-278.00
-346.00
-327.00
-305.00
-295.00
-276.00
-229.00
-193.00
-173.00
-61.00
19.00
167.00
164.00
134.00
-140.00
-372.00
-533.00
-606.00
-545.00
-478.00
-402.00
-363.00
-329.00
-325.00
-318.00
-427.00
-450.00
-397.00
-186.00
-74.00
-106.00
-89.00
-141.00
-175.00
-225.00
-265.00
-381.00
-461.00
-583.00
-677.00
-696.00
-460.00
-102.00
163.00
248.00
157.00
119.00
-54.00
-152.00
999999
-193.00
-193.00
-196.00
-157.00
-121.00
-97.00
-119.00
-142.00
-111.00
-72.00
-107.00
-219.00
-350.00
-400.00
-345.00
-318.00
-270.00
-220.00
-214.00
-184.00
-151.00
-129.00
-35.00
76.00
141.00
107.00
-59.00
-271.00
-448.00
-528.00
-546.00
-504.00
-447.00
-400.00
-349.00
-305.00
-271.00
-326.00
-402.00
-251.00
-229.00
-134.00
-125.00
-133.00
-165.00
-213.00
-256.00
-279.00
-294.00
-349.00
-385.00
-453.00
-578.00
-685.00
-634.00
-405.00
-40.00
233.00
283.00
238.00
67.00
-104.00
999999
-124.00
-124.00
-124.00
-67.00
-51.00
-22.00
-60.00
-22.00
-163.00
-191.00
-331.00
-366.00
-377.00
-326.00
-271.00
-240.00
-236.00
-213.00
-221.00
-218.00
-204.00
-164.00
-170.00
-188.00
-212.00
-193.00
-206.00
-121.00
-47.00
34.00
-22.00
-9.00
-241.00
-336.00
-455.00
-539.00
-505.00
-441.00
-395.00
-321.00
-278.00
-248.00
-314.00
-402.00
-373.00
-198.00
-55.00
-66.00
-45.00
-151.00
-194.00
-234.00
-256.00
-249.00
-281.00
-348.00
-445.00
-652.00
-791.00
-715.00
-211.00
53.00
219.00
268.00
157.00
23.00
-58.00
-151.00
999999
-168.00
-168.00
-170.00
-167.00
-125.00
-183.00
-188.00
-196.00
-184.00
-124.00
-142.00
-183.00
-288.00
-312.00
-285.00
-282.00
-275.00
-247.00
-233.00
-223.00
-228.00
-229.00
-224.00
-233.00
-220.00
-202.00
-216.00
-185.00
-159.00
-110.00
-30.00
-4.00
-19.00
-71.00
-152.00
-316.00
-471.00
-506.00
-478.00
-463.00
-395.00
-356.00
-343.00
-302.00
-365.00
-398.00
-327.00
-228.00
-116.00
-105.00
-144.00
-166.00
-190.00
-243.00
-250.00
-293.00
-351.00
-523.00
-617.00
-809.00
-649.00
-362.00
-73.00
171.00
214.00
203.00
99.00
999999
-226.00
-218.00
-218.00
-161.00
-224.00
-283.00
-237.00
-185.00
-114.00
-153.00
-185.00
-254.00
-254.00
-248.00
-275.00
-268.00
-266.00
-236.00
-243.00
-213.00
-211.00
-173.00
-126.00
-66.00
17.00
88.00
44.00
-42.00
-200.00
-391.00
-537.00
-570.00
-514.00
-488.00
-415.00
-391.00
-365.00
-370.00
-419.00
-270.00
-165.00
-150.00
-156.00
-176.00
-189.00
-186.00
-222.00
-251.00
-369.00
-447.00
-583.00
-637.00
-639.00
-404.00
-234.00
-36.00
119.00
169.00
116.00
51.00
999999
-121.00
-121.00
-106.00
-112.00
-69.00
-62.00
-52.00
-42.00
-101.00
-133.00
-256.00
-331.00
-376.00
-334.00
-295.00
-311.00
-264.00
-219.00
-185.00
-141.00
-74.00
88.00
175.00
94.00
19.00
-162.00
-366.00
-460.00
-489.00
-501.00
-449.00
-448.00
-432.00
-417.00
-447.00
-453.00
-340.00
-175.00
-68.00
-56.00
-80.00
-139.00
-185.00
-222.00
-283.00
-355.00
-496.00
-724.00
-874.00
-768.00
-473.00
65.00
258.00
284.00
229.00
98.00
-40.00
999999
-112.00
-112.00
-112.00
-55.00
-17.00
-13.00
58.00
49.00
4.00
-61.00
-187.00
-282.00
-359.00
-378.00
-386.00
-327.00
-288.00
-248.00
-247.00
-226.00
-191.00
-166.00
-130.00
-117.00
-84.00
-92.00
-38.00
-22.00
-2.00
-69.00
-131.00
-203.00
-284.00
-351.00
-381.00
-397.00
-360.00
-361.00
-347.00
-348.00
-398.00
-386.00
-342.00
-194.00
-126.00
-68.00
-77.00
-97.00
-100.00
-163.00
-219.00
-249.00
-350.00
-416.00
-425.00
-446.00
-407.00
-326.00
-203.00
-51.00
82.00
34.00
23.00
-10.00
-79.00
999999
102.00
102.00
112.00
145.00
411.00
523.00
505.00
328.00
25.00
-130.00
-287.00
-310.00
-324.00
-280.00
-213.00
-161.00
-69.00
-30.00
0.00
-4.00
1.00
25.00
5.00
69.00
66.00
43.00
-20.00
-83.00
-108.00
-133.00
-100.00
-115.00
-179.00
-315.00
-446.00
-540.00
-346.00
-30.00
174.00
285.00
256.00
185.00
138.00
24.00
-48.00
-180.00
-205.00
-182.00
-91.00
-82.00
-37.00
77.00
48.00
66.00
1.00
-5.00
-4.00
2.00
999999
-151.00
-130.00
-130.00
-107.00
-68.00
-44.00
-126.00
-137.00
-187.00
-206.00
-271.00
-278.00
-348.00
-329.00
-314.00
-271.00
-257.00
-212.00
-98.00
-19.00
11.00
56.00
30.00
21.00
-139.00
-272.00
-424.00
-523.00
-519.00
-548.00
-474.00
-405.00
-358.00
-362.00
-379.00
-336.00
-256.00
-134.00
-67.00
-91.00
-94.00
-140.00
-195.00
-260.00
-319.00
-435.00
-548.00
-594.00
-609.00
-493.00
-316.00
18.00
127.00
124.00
118.00
21.00
-65.00
-133.00
-163.00
999999
-66.00
-18.00
-18.00
20.00
259.00
525.00
527.00
325.00
65.00
-164.00
-253.00
-302.00
-333.00
-300.00
-258.00
-185.00
-101.00
-72.00
-26.00
23.00
60.00
42.00
120.00
129.00
48.00
-55.00
-83.00
-178.00
-141.00
-200.00
-374.00
-525.00
-646.00
-263.00
125.00
331.00
367.00
340.00
257.00
142.00
45.00
-77.00
-171.00
-187.00
-141.00
-119.00
-13.00
84.00
67.00
23.00
14.00
-13.00
-10.00
999999
-151.00
-151.00
-134.00
-67.00
12.00
-1.00
-113.00
-147.00
-250.00
-346.00
-393.00
-375.00
-341.00
-286.00
-262.00
-228.00
-203.00
-187.00
-146.00
-85.00
-49.00
49.00
62.00
50.00
-48.00
-196.00
-372.00
-505.00
-563.00
-525.00
-515.00
-407.00
-370.00
-340.00
-316.00
-323.00
-412.00
-293.00
-130.00
-80.00
-123.00
-156.00
-209.00
-211.00
-304.00
-343.00
-393.00
-463.00
-645.00
-821.00
-734.00
-387.00
112.00
119.00
148.00
183.00
99.00
999999
-151.00
-151.00
-134.00
-67.00
12.00
-1.00
-113.00
-147.00
-250.00
-346.00
-393.00
-375.00
-341.00
-286.00
-262.00
-228.00
-203.00
-187.00
-146.00
-85.00
-49.00
49.00
62.00
50.00
-48.00
-196.00
-372.00
-505.00
-563.00
-525.00
-515.00
-407.00
-370.00
-340.00
-316.00
-323.00
-412.00
-293.00
-130.00
-80.00
-123.00
-156.00
-209.00
-211.00
-304.00
-343.00
-393.00
-463.00
-645.00
-821.00
-734.00
-387.00
112.00
119.00
148.00
183.00
99.00
999999
-150.00
-150.00
-150.00
-90.00
-95.00
-128.00
-103.00
-173.00
-185.00
-221.00
-280.00
-324.00
-371.00
-356.00
-317.00
-275.00
-243.00
-227.00
-178.00
-147.00
-94.00
-49.00
22.00
37.00
34.00
-7.00
-79.00
-252.00
-403.00
-517.00
-509.00
-513.00
-485.00
-417.00
-374.00
-396.00
-380.00
-309.00
-175.00
-160.00
-162.00
-201.00
-213.00
-256.00
-306.00
-326.00
-320.00
-416.00
-576.00
-788.00
-860.00
-594.00
-192.00
137.00
179.00
207.00
138.00
11.00
0.00
999999
-218.00
-218.00
-218.00
-93.00
-45.00
-55.00
-54.00
-78.00
-110.00
-164.00
-254.00
-326.00
-365.00
-358.00
-322.00
-227.00
-129.00
-82.00
5.00
61.00
57.00
47.00
61.00
-65.00
-290.00
-480.00
-631.00
-657.00
-581.00
-461.00
-389.00
-362.00
-348.00
-340.00
-82.00
-32.00
-112.00
-206.00
-193.00
-233.00
-286.00
-318.00
-396.00
-609.00
-824.00
-889.00
-632.00
-225.00
295.00
306.00
257.00
119.00
-12.00
999999
10.00
10.00
10.00
36.00
86.00
210.00
329.00
350.00
269.00
134.00
-53.00
-190.00
-292.00
-363.00
-330.00
-274.00
-190.00
-143.00
-75.00
-46.00
-30.00
-13.00
8.00
20.00
67.00
15.00
3.00
29.00
-28.00
-48.00
-37.00
-101.00
-168.00
-121.00
-107.00
-99.00
-117.00
-159.00
-391.00
-510.00
-499.00
-234.00
155.00
304.00
274.00
208.00
104.00
59.00
12.00
-32.00
-96.00
-165.00
-202.00
-237.00
-147.00
-7.00
3.00
-17.00
11.00
29.00
18.00
4.00
6.00
5.00
8.00
8.00
999999
37.00
37.00
77.00
110.00
289.00
404.00
325.00
180.00
-16.00
-131.00
-215.00
-213.00
-231.00
-162.00
-129.00
-73.00
-76.00
-81.00
-28.00
-50.00
-6.00
0.00
9.00
4.00
2.00
0.00
-18.00
-32.00
-25.00
1.00
39.00
26.00
-29.00
-73.00
-81.00
-79.00
-74.00
-73.00
-48.00
-64.00
-90.00
-174.00
-354.00
-440.00
-300.00
-72.00
144.00
193.00
191.00
164.00
103.00
41.00
13.00
0.00
4.00
-10.00
-59.00
-157.00
-146.00
-46.00
-23.00
-19.00
-26.00
0.00
26.00
37.00
5.00
-34.00
-24.00
-57.00
-33.00
999999
32.00
32.00
36.00
62.00
202.00
328.00
403.00
403.00
287.00
95.00
-127.00
-303.00
-327.00
-350.00
-279.00
-199.00
-118.00
-82.00
-41.00
-4.00
13.00
38.00
42.00
23.00
-22.00
-47.00
33.00
32.00
3.00
-43.00
-101.00
-126.00
-151.00
-270.00
-417.00
-508.00
-346.00
-70.00
204.00
256.00
265.00
179.00
87.00
-32.00
-76.00
-154.00
-211.00
-116.00
-89.00
33.00
70.00
57.00
3.00
19.00
4.00
2.00
999999
27.00
63.00
63.00
132.00
245.00
397.00
552.00
435.00
183.00
-150.00
-292.00
-381.00
-338.00
-245.00
-183.00
-131.00
-58.00
-16.00
0.00
-13.00
19.00
54.00
57.00
-60.00
-21.00
70.00
78.00
-30.00
-85.00
-155.00
-141.00
-187.00
-232.00
-525.00
-524.00
-335.00
-3.00
248.00
320.00
267.00
183.00
118.00
41.00
-63.00
-192.00
-113.00
-73.00
-121.00
-56.00
68.00
34.00
45.00
28.00
999999
-87.00
-87.00
-105.00
232.00
317.00
466.00
561.00
379.00
76.00
-167.00
-355.00
-417.00
-369.00
-231.00
-156.00
-132.00
-70.00
-36.00
-19.00
-9.00
24.00
24.00
16.00
78.00
88.00
6.00
-16.00
-105.00
-117.00
-145.00
-263.00
-485.00
-572.00
-377.00
-52.00
258.00
336.00
250.00
155.00
108.00
8.00
-86.00
-166.00
-140.00
-39.00
-16.00
-7.00
96.00
91.00
35.00
999999
-9.00
15.00
15.00
-5.00
258.00
374.00
484.00
345.00
124.00
-76.00
-229.00
-321.00
-363.00
-279.00
-180.00
-103.00
-36.00
5.00
35.00
10.00
22.00
30.00
60.00
26.00
-2.00
-55.00
-12.00
-10.00
-64.00
-34.00
-66.00
-54.00
-34.00
-75.00
-148.00
-327.00
-585.00
-441.00
-205.00
178.00
346.00
339.00
255.00
164.00
68.00
-43.00
-159.00
-185.00
-46.00
2.00
-13.00
-26.00
-4.00
-26.00
1.00
12.00
999999
39.00
39.00
54.00
62.00
285.00
413.00
458.00
330.00
185.00
-39.00
-136.00
-233.00
-292.00
-260.00
-199.00
-121.00
-98.00
-57.00
-72.00
3.00
0.00
19.00
32.00
44.00
56.00
26.00
2.00
37.00
-32.00
-22.00
-69.00
-58.00
-83.00
-116.00
-107.00
-133.00
-137.00
-200.00
-284.00
-398.00
-464.00
-236.00
-48.00
202.00
242.00
251.00
177.00
62.00
51.00
-33.00
-87.00
-172.00
-233.00
-224.00
-121.00
-74.00
21.00
100.00
119.00
54.00
-13.00
-19.00
999999
-30.00
-30.00
-30.00
37.00
199.00
412.00
456.00
281.00
130.00
-3.00
-213.00
-321.00
-363.00
-286.00
-285.00
-219.00
-114.00
-81.00
-31.00
3.00
22.00
16.00
35.00
42.00
20.00
22.00
-10.00
-37.00
-136.00
-133.00
-127.00
-156.00
-128.00
-169.00
-227.00
-347.00
-547.00
-411.00
-123.00
102.00
251.00
263.00
235.00
169.00
49.00
-56.00
-135.00
-176.00
-127.00
-66.00
-67.00
-42.00
0.00
19.00
6.00
49.00
50.00
999999
-31.00
-31.00
-31.00
118.00
173.00
325.00
519.00
543.00
303.00
36.00
-152.00
-284.00
-279.00
-290.00
-209.00
-114.00
-59.00
-12.00
-1.00
8.00
19.00
9.00
-8.00
-38.00
-54.00
-20.00
30.00
20.00
7.00
8.00
-55.00
-21.00
-32.00
-61.00
-60.00
-67.00
-213.00
-496.00
-519.00
-225.00
109.00
302.00
371.00
326.00
247.00
133.00
6.00
-16.00
-30.00
-60.00
-101.00
-117.00
-42.00
-39.00
-79.00
22.00
45.00
76.00
68.00
55.00
999999
-55.00
-55.00
-55.00
-33.00
70.00
185.00
233.00
230.00
163.00
76.00
-31.00
-182.00
-345.00
-374.00
-399.00
-378.00
-260.00
-259.00
-178.00
-132.00
-94.00
-29.00
-45.00
36.00
32.00
-3.00
32.00
43.00
-4.00
-104.00
-189.00
-250.00
-246.00
-251.00
-209.00
-200.00
-242.00
-238.00
-280.00
-322.00
-423.00
-451.00
-245.00
-105.00
-11.00
61.00
65.00
64.00
5.00
-47.00
-131.00
-157.00
-203.00
-288.00
-327.00
-396.00
-425.00
-418.00
-140.00
16.00
178.00
215.00
128.00
40.00
999999
999999
999999
14.00
12.00
12.00
14.00
180.00
381.00
514.00
620.00
492.00
214.00
-13.00
-197.00
-322.00
-262.00
-187.00
-106.00
-34.00
21.00
9.00
-7.00
25.00
-36.00
-119.00
52.00
185.00
112.00
69.00
-28.00
-50.00
-67.00
-254.00
-544.00
-662.00
-404.00
85.00
359.00
459.00
403.00
259.00
114.00
31.00
-24.00
-42.00
-71.00
-88.00
-69.00
-23.00
-27.00
-1.00
21.00
59.00
43.00
34.00
36.00
1.00
999999
-61.00
-66.00
-66.00
44.00
113.00
300.00
418.00
495.00
333.00
140.00
-87.00
-214.00
-338.00
-289.00
-244.00
-197.00
-123.00
-76.00
-50.00
5.00
56.00
78.00
48.00
-39.00
-84.00
-117.00
-9.00
46.00
4.00
14.00
-56.00
-5.00
-54.00
-95.00
-136.00
-173.00
-221.00
-321.00
-380.00
-382.00
-175.00
211.00
354.00
324.00
250.00
156.00
91.00
9.00
-15.00
-44.00
-110.00
-123.00
-119.00
-37.00
-33.00
0.00
51.00
91.00
37.00
14.00
999999
31.00
27.00
27.00
145.00
374.00
552.00
438.00
78.00
-161.00
-250.00
-318.00
-305.00
-194.00
-145.00
-82.00
-84.00
-69.00
-64.00
-37.00
-14.00
2.00
27.00
28.00
23.00
8.00
-13.00
6.00
-36.00
-66.00
-85.00
-93.00
-80.00
-63.00
-113.00
-121.00
-131.00
-228.00
-309.00
-416.00
-336.00
-183.00
22.00
213.00
243.00
193.00
178.00
82.00
14.00
-36.00
-92.00
-117.00
-168.00
-171.00
-119.00
-64.00
-43.00
8.00
26.00
43.00
32.00
9.00
3.00
-42.00
999999
16.00
16.00
23.00
63.00
201.00
374.00
479.00
346.00
172.00
52.00
-103.00
-223.00
-268.00
-295.00
-257.00
-186.00
-101.00
-81.00
-63.00
-24.00
0.00
0.00
20.00
7.00
-11.00
-35.00
-44.00
49.00
-2.00
-31.00
-50.00
-36.00
-37.00
-74.00
-71.00
-73.00
-90.00
-122.00
-140.00
-280.00
-378.00
-482.00
-319.00
-44.00
212.00
311.00
258.00
178.00
82.00
15.00
-27.00
-91.00
-119.00
-161.00
-129.00
-65.00
-48.00
-31.00
38.00
68.00
18.00
-5.00
-45.00
-10.00
999999
81.00
81.00
81.00
133.00
273.00
431.00
449.00
299.00
124.00
17.00
-91.00
-210.00
-276.00
-307.00
-270.00
-168.00
-82.00
-21.00
5.00
12.00
14.00
31.00
8.00
3.00
-24.00
-6.00
-44.00
-22.00
9.00
33.00
17.00
-2.00
-23.00
-57.00
-47.00
-55.00
-135.00
-167.00
-229.00
-464.00
-423.00
-245.00
88.00
284.00
329.00
277.00
154.00
86.00
-1.00
-25.00
-66.00
-63.00
-55.00
-49.00
-19.00
-51.00
23.00
41.00
4.00
-31.00
25.00
999999
90.00
90.00
90.00
245.00
339.00
527.00
438.00
233.00
23.00
-166.00
-256.00
-304.00
-293.00
-203.00
-138.00
-42.00
-26.00
-24.00
1.00
2.00
-2.00
-8.00
-40.00
-35.00
14.00
-47.00
7.00
69.00
102.00
50.00
20.00
-41.00
-55.00
-49.00
-71.00
-111.00
-200.00
-351.00
-524.00
-487.00
-140.00
166.00
328.00
332.00
276.00
217.00
109.00
6.00
-19.00
-100.00
-131.00
-135.00
-105.00
-58.00
-11.00
63.00
57.00
56.00
48.00
16.00
999999
68.00
68.00
68.00
120.00
215.00
303.00
387.00
354.00
247.00
103.00
-39.00
-84.00
-232.00
-344.00
-282.00
-280.00
-167.00
-102.00
-62.00
-12.00
5.00
37.00
58.00
46.00
39.00
42.00
37.00
18.00
4.00
18.00
-2.00
-18.00
-25.00
-27.00
-50.00
-39.00
-45.00
-118.00
-215.00
-356.00
-524.00
-417.00
-176.00
148.00
268.00
333.00
277.00
165.00
97.00
3.00
-68.00
-78.00
-101.00
-99.00
-30.00
-17.00
-2.00
-6.00
9.00
8.00
30.00
22.00
56.00
16.00
999999
3.00
3.00
3.00
74.00
129.00
319.00
351.00
320.00
200.00
53.00
-71.00
-170.00
-203.00
-227.00
-151.00
-106.00
-100.00
-32.00
-33.00
-14.00
0.00
14.00
13.00
3.00
4.00
-16.00
-45.00
-57.00
-42.00
14.00
22.00
27.00
62.00
3.00
-30.00
-43.00
-39.00
-39.00
-69.00
-126.00
-247.00
-400.00
-479.00
-272.00
121.00
260.00
309.00
285.00
227.00
109.00
10.00
-60.00
-55.00
-102.00
-53.00
-17.00
0.00
8.00
52.00
31.00
42.00
22.00
999999
63.00
63.00
63.00
113.00
234.00
356.00
430.00
343.00
289.00
98.00
-44.00
-124.00
-270.00
-352.00
-334.00
-265.00
-146.00
-55.00
3.00
52.00
20.00
52.00
70.00
16.00
-20.00
30.00
42.00
35.00
27.00
6.00
-39.00
-17.00
-24.00
-171.00
-289.00
-500.00
-593.00
-147.00
268.00
409.00
407.00
323.00
165.00
64.00
16.00
-17.00
-91.00
-116.00
-62.00
-18.00
4.00
12.00
64.00
51.00
34.00
999999
22.00
51.00
51.00
63.00
134.00
270.00
359.00
402.00
312.00
216.00
82.00
-82.00
-234.00
-313.00
-329.00
-314.00
-196.00
-121.00
-81.00
-5.00
8.00
40.00
69.00
17.00
-29.00
-20.00
8.00
-38.00
1.00
27.00
61.00
29.00
29.00
-13.00
-69.00
-97.00
-148.00
-206.00
-339.00
-346.00
-297.00
-147.00
49.00
276.00
329.00
315.00
247.00
137.00
-10.00
-104.00
-102.00
-35.00
-43.00
-26.00
10.00
31.00
45.00
38.00
35.00
999999
2.00
2.00
2.00
95.00
338.00
460.00
471.00
277.00
57.00
-114.00
-199.00
-305.00
-346.00
-303.00
-219.00
-126.00
-26.00
18.00
29.00
57.00
15.00
-17.00
2.00
-14.00
-15.00
11.00
-52.00
4.00
-40.00
-3.00
6.00
-10.00
-76.00
-126.00
-196.00
-341.00
-492.00
-500.00
-317.00
200.00
356.00
358.00
273.00
186.00
108.00
-25.00
-93.00
-154.00
-104.00
-37.00
-56.00
-13.00
-2.00
41.00
60.00
35.00
999999
12.00
10.00
10.00
64.00
214.00
401.00
476.00
395.00
202.00
-35.00
-231.00
-313.00
-290.00
-242.00
-173.00
-104.00
12.00
24.00
5.00
29.00
-20.00
-45.00
-39.00
-17.00
33.00
18.00
34.00
-18.00
-40.00
-65.00
-131.00
-227.00
-430.00
-570.00
-501.00
-83.00
268.00
357.00
352.00
249.00
181.00
35.00
-94.00
-163.00
-109.00
-11.00
-14.00
-17.00
43.00
25.00
50.00
46.00
-10.00
19.00
999999
-21.00
-21.00
-21.00
21.00
137.00
184.00
342.00
354.00
255.00
122.00
-27.00
-156.00
-226.00
-304.00
-304.00
-255.00
-189.00
-108.00
-71.00
-43.00
-31.00
-1.00
-3.00
26.00
23.00
18.00
4.00
-41.00
-33.00
-11.00
-17.00
1.00
-29.00
4.00
-19.00
-14.00
-47.00
-64.00
-70.00
-86.00
-89.00
-203.00
-325.00
-425.00
-439.00
-105.00
121.00
220.00
225.00
244.00
156.00
96.00
45.00
1.00
-57.00
-97.00
-146.00
-91.00
-47.00
-36.00
12.00
43.00
52.00
66.00
38.00
-7.00
999999
114.00
195.00
195.00
260.00
372.00
469.00
421.00
245.00
-56.00
-179.00
-221.00
-253.00
-234.00
-154.00
-137.00
-93.00
-63.00
-60.00
-43.00
-11.00
-28.00
-31.00
-17.00
-22.00
-22.00
-19.00
-23.00
43.00
12.00
32.00
24.00
4.00
-33.00
-94.00
-62.00
-98.00
-150.00
-275.00
-415.00
-533.00
-187.00
86.00
269.00
289.00
311.00
232.00
103.00
-13.00
-46.00
-77.00
-106.00
-114.00
-132.00
-43.00
17.00
11.00
27.00
53.00
28.00
-9.00
10.00
23.00
999999
64.00
64.00
105.00
222.00
429.00
419.00
412.00
170.00
-4.00
-150.00
-228.00
-263.00
-267.00
-245.00
-126.00
-162.00
-75.00
-68.00
-76.00
-47.00
-30.00
-40.00
17.00
-47.00
-10.00
37.00
25.00
-8.00
11.00
1.00
-25.00
-42.00
-66.00
-63.00
-144.00
-169.00
-276.00
-422.00
-419.00
-185.00
-10.00
141.00
219.00
201.00
215.00
158.00
37.00
-8.00
-71.00
-107.00
-96.00
-127.00
-120.00
-60.00
-19.00
-24.00
0.00
-3.00
20.00
51.00
39.00
999999
37.00
37.00
37.00
124.00
361.00
427.00
418.00
234.00
29.00
-125.00
-228.00
-285.00
-272.00
-212.00
-176.00
-110.00
-53.00
-33.00
-22.00
-13.00
-13.00
-3.00
-11.00
20.00
60.00
27.00
-6.00
-27.00
-95.00
-122.00
-125.00
-211.00
-352.00
-495.00
-401.00
-152.00
224.00
345.00
303.00
263.00
127.00
30.00
-48.00
-137.00
-163.00
-66.00
-26.00
-11.00
-24.00
-22.00
25.00
74.00
90.00
999999
76.00
110.00
110.00
166.00
366.00
428.00
307.00
79.00
-37.00
-189.00
-220.00
-284.00
-257.00
-206.00
-153.00
-119.00
-65.00
-55.00
-14.00
-11.00
16.00
31.00
16.00
-8.00
-26.00
33.00
84.00
14.00
-27.00
-14.00
-46.00
-70.00
-92.00
-126.00
-187.00
-312.00
-434.00
-506.00
-319.00
65.00
341.00
354.00
265.00
226.00
81.00
7.00
10.00
-32.00
-63.00
-101.00
-101.00
-47.00
-2.00
3.00
-16.00
-4.00
45.00
32.00
6.00
5.00
999999
60.00
134.00
134.00
88.00
375.00
469.00
472.00
258.00
15.00
-184.00
-350.00
-425.00
-411.00
-344.00
-264.00
-200.00
-143.00
-154.00
-86.00
-71.00
-49.00
-19.00
16.00
63.00
79.00
77.00
30.00
-45.00
-125.00
-128.00
-176.00
-150.00
-142.00
-195.00
-241.00
-330.00
-446.00
-403.00
-236.00
48.00
190.00
216.00
182.00
141.00
68.00
-13.00
-47.00
-107.00
-159.00
-202.00
-166.00
-92.00
-93.00
19.00
45.00
25.00
99.00
999999
-41.00
-41.00
-34.00
73.00
230.00
376.00
426.00
258.00
32.00
-159.00
-303.00
-374.00
-401.00
-371.00
-287.00
-274.00
-213.00
-180.00
-129.00
-104.00
-63.00
-36.00
6.00
28.00
-16.00
17.00
-8.00
-56.00
-51.00
-105.00
-126.00
-148.00
-147.00
-177.00
-188.00
-287.00
-469.00
-548.00
-331.00
-98.00
130.00
230.00
256.00
176.00
119.00
8.00
-61.00
-117.00
-177.00
-208.00
-169.00
-139.00
-106.00
-51.00
-50.00
-43.00
-10.00
19.00
13.00
999999
-73.00
-73.00
-73.00
-20.00
184.00
231.00
213.00
184.00
4.00
-113.00
-253.00
-325.00
-351.00
-332.00
-315.00
-295.00
-230.00
-226.00
-203.00
-161.00
-132.00
-105.00
-85.00
-37.00
-15.00
62.00
97.00
63.00
-35.00
-155.00
-202.00
-285.00
-260.00
-273.00
-225.00
-231.00
-240.00
-306.00
-440.00
-570.00
-447.00
-116.00
83.00
187.00
150.00
85.00
-30.00
-109.00
-151.00
-264.00
-370.00
-461.00
-516.00
-471.00
-202.00
10.00
197.00
209.00
105.00
-15.00
999999
-8.00
-8.00
-8.00
167.00
329.00
344.00
252.00
79.00
-123.00
-262.00
-384.00
-389.00
-400.00
-331.00
-199.00
-224.00
-158.00
-151.00
-79.00
-67.00
-26.00
69.00
79.00
92.00
42.00
-22.00
-86.00
-197.00
-253.00
-286.00
-235.00
-196.00
-235.00
-270.00
-409.00
-573.00
-590.00
-171.00
155.00
194.00
198.00
133.00
40.00
-69.00
-131.00
-201.00
-285.00
-362.00
-376.00
-330.00
-132.00
-2.00
122.00
152.00
56.00
-23.00
999999
-37.00
-28.00
-28.00
-35.00
81.00
195.00
214.00
270.00
94.00
8.00
-129.00
-226.00
-319.00
-375.00
-386.00
-343.00
-283.00
-213.00
-204.00
-138.00
-84.00
-64.00
-29.00
4.00
55.00
74.00
40.00
36.00
-54.00
-180.00
-232.00
-302.00
-280.00
-246.00
-242.00
-249.00
-308.00
-506.00
-637.00
-456.00
-60.00
173.00
211.00
135.00
70.00
-68.00
-169.00
-213.00
-305.00
-402.00
-466.00
-405.00
-275.00
-98.00
79.00
159.00
105.00
81.00
999999
-66.00
-66.00
-66.00
-31.00
83.00
152.00
273.00
279.00
198.00
37.00
-96.00
-209.00
-284.00
-301.00
-303.00
-266.00
-220.00
-180.00
-161.00
-121.00
-58.00
-30.00
-62.00
-37.00
-30.00
-6.00
31.00
-5.00
-98.00
-146.00
-153.00
-177.00
-166.00
-169.00
-194.00
-230.00
-272.00
-428.00
-543.00
-513.00
-147.00
80.00
110.00
163.00
77.00
23.00
-77.00
-142.00
-188.00
-269.00
-377.00
-417.00
-321.00
-231.00
25.00
91.00
66.00
35.00
-46.00
-71.00
-113.00
-103.00
999999
-31.00
-31.00
-4.00
33.00
141.00
251.00
305.00
210.00
81.00
-61.00
-186.00
-270.00
-317.00
-345.00
-284.00
-242.00
-219.00
-152.00
-144.00
-111.00
-106.00
-78.00
-67.00
-82.00
-52.00
-23.00
7.00
35.00
3.00
-44.00
-145.00
-146.00
-167.00
-176.00
-183.00
-174.00
-184.00
-191.00
-208.00
-300.00
-426.00
-534.00
-404.00
-106.00
76.00
133.00
122.00
63.00
-7.00
-103.00
-181.00
-220.00
-318.00
-352.00
-393.00
-356.00
-244.00
-30.00
64.00
107.00
86.00
1.00
-55.00
-121.00
-123.00
-112.00
-133.00
999999
-83.00
-83.00
-76.00
68.00
245.00
363.00
352.00
249.00
-12.00
-160.00
-252.00
-320.00
-355.00
-331.00
-294.00
-265.00
-194.00
-170.00
-157.00
-74.00
-81.00
-67.00
-15.00
-21.00
-21.00
29.00
38.00
26.00
-9.00
-117.00
-180.00
-237.00
-226.00
-225.00
-215.00
-217.00
-199.00
-205.00
-250.00
-363.00
-564.00
-530.00
-204.00
-48.00
203.00
256.00
217.00
78.00
24.00
-102.00
-190.00
-226.00
-306.00
-382.00
-443.00
-376.00
-262.00
-59.00
15.00
90.00
103.00
47.00
-45.00
-45.00
-75.00
999999
-83.00
-83.00
-76.00
68.00
245.00
363.00
352.00
249.00
-12.00
-160.00
-252.00
-320.00
-355.00
-331.00
-294.00
-265.00
-194.00
-170.00
-157.00
-74.00
-81.00
-67.00
-15.00
-21.00
-21.00
29.00
38.00
26.00
-9.00
-117.00
-180.00
-237.00
-226.00
-225.00
-215.00
-217.00
-199.00
-205.00
-250.00
-363.00
-564.00
-530.00
-204.00
-48.00
203.00
256.00
217.00
78.00
24.00
-102.00
-190.00
-226.00
-306.00
-382.00
-443.00
-376.00
-262.00
-59.00
15.00
90.00
103.00
47.00
-45.00
-45.00
-75.00
999999
-22.00
2.00
2.00
29.00
197.00
304.00
340.00
307.00
248.00
71.00
-34.00
-202.00
-219.00
-312.00
-318.00
-262.00
-237.00
-187.00
-149.00
-98.00
-65.00
-38.00
-8.00
1.00
9.00
37.00
-2.00
13.00
-29.00
-88.00
-77.00
-115.00
-176.00
-129.00
-139.00
-150.00
-152.00
-175.00
-190.00
-263.00
-316.00
-375.00
-364.00
-228.00
-18.00
121.00
141.00
161.00
104.00
34.00
-23.00
-132.00
-135.00
-238.00
-323.00
-348.00
-330.00
-228.00
-159.00
33.00
122.00
81.00
43.00
-44.00
-35.00
-84.00
-60.00
999999
-47.00
-47.00
-47.00
60.00
132.00
305.00
328.00
268.00
181.00
50.00
-57.00
-178.00
-262.00
-326.00
-334.00
-331.00
-275.00
-228.00
-152.00
-95.00
-38.00
-45.00
-22.00
23.00
29.00
3.00
-13.00
-45.00
-128.00
-142.00
-137.00
-151.00
-163.00
-168.00
-249.00
-312.00
-450.00
-467.00
-389.00
-225.00
-50.00
104.00
142.00
104.00
53.00
-39.00
-146.00
-220.00
-292.00
-374.00
-386.00
-306.00
-176.00
1.00
112.00
83.00
62.00
21.00
-52.00
999999
28.00
28.00
43.00
128.00
194.00
213.00
193.00
143.00
90.00
-18.00
-139.00
-233.00
-308.00
-385.00
-372.00
-314.00
-266.00
-193.00
-137.00
-75.00
-39.00
-3.00
16.00
47.00
73.00
74.00
-11.00
-73.00
-197.00
-295.00
-266.00
-305.00
-268.00
-257.00
-252.00
-254.00
-300.00
-419.00
-438.00
-348.00
-167.00
37.00
80.00
111.00
57.00
-47.00
-144.00
-207.00
-277.00
-349.00
-416.00
-442.00
-378.00
-261.00
-120.00
91.00
125.00
87.00
14.00
-27.00
999999
-33.00
-33.00
30.00
113.00
352.00
344.00
241.00
42.00
-74.00
-227.00
-257.00
-294.00
-334.00
-318.00
-312.00
-266.00
-202.00
-152.00
-90.00
-50.00
-15.00
69.00
39.00
42.00
-28.00
-111.00
-228.00
-244.00
-299.00
-292.00
-280.00
-258.00
-251.00
-307.00
-435.00
-433.00
-357.00
-98.00
128.00
214.00
150.00
126.00
-27.00
-94.00
-157.00
-196.00
-330.00
-398.00
-363.00
-288.00
-155.00
10.00
139.00
114.00
4.00
41.00
-71.00
-34.00
999999
-32.00
-19.00
-19.00
57.00
238.00
272.00
250.00
166.00
23.00
-105.00
-209.00
-273.00
-311.00
-310.00
-277.00
-224.00
-159.00
-121.00
-83.00
-35.00
-27.00
-12.00
-16.00
-17.00
-21.00
8.00
-29.00
-22.00
-37.00
-52.00
-81.00
-121.00
-122.00
-126.00
-153.00
-157.00
-178.00
-231.00
-370.00
-421.00
-386.00
-159.00
88.00
203.00
224.00
169.00
86.00
-33.00
-97.00
-112.00
-170.00
-196.00
-185.00
-161.00
-85.00
-45.00
-9.00
18.00
20.00
16.00
15.00
999999
-38.00
-38.00
-20.00
78.00
189.00
225.00
203.00
94.00
-57.00
-229.00
-301.00
-342.00
-372.00
-353.00
-349.00
-327.00
-273.00
-213.00
-167.00
-123.00
-42.00
-2.00
63.00
106.00
76.00
-3.00
-103.00
-205.00
-258.00
-281.00
-286.00
-256.00
-256.00
-301.00
-370.00
-476.00
-471.00
-341.00
-146.00
47.00
85.00
68.00
23.00
-57.00
-185.00
-276.00
-413.00
-463.00
-527.00
-460.00
-314.00
-91.00
83.00
140.00
108.00
17.00
-17.00
999999
-77.00
-101.00
-101.00
-15.00
145.00
292.00
274.00
147.00
5.00
-133.00
-247.00
-286.00
-385.00
-355.00
-312.00
-267.00
-222.00
-192.00
-135.00
-112.00
-108.00
-95.00
-94.00
-91.00
-43.00
-3.00
95.00
106.00
-68.00
-155.00
-231.00
-244.00
-256.00
-253.00
-280.00
-302.00
-395.00
-467.00
-458.00
-229.00
-9.00
135.00
165.00
112.00
25.00
-54.00
-146.00
-187.00
-244.00
-343.00
-414.00
-311.00
-229.00
-17.00
74.00
117.00
99.00
61.00
999999
9.00
9.00
9.00
111.00
270.00
280.00
169.00
120.00
-40.00
-207.00
-285.00
-357.00
-367.00
-353.00
-305.00
-219.00
-185.00
-143.00
-104.00
-68.00
-39.00
-38.00
-24.00
-25.00
27.00
64.00
5.00
-28.00
-67.00
-104.00
-112.00
-133.00
-155.00
-183.00
-223.00
-321.00
-474.00
-600.00
-407.00
-19.00
136.00
182.00
146.00
103.00
23.00
-54.00
-117.00
-186.00
-251.00
-253.00
-219.00
-133.00
-98.00
5.00
8.00
17.00
2.00
999999
-29.00
-38.00
-38.00
18.00
129.00
210.00
167.00
176.00
49.00
-12.00
-138.00
-241.00
-293.00
-341.00
-330.00
-280.00
-254.00
-182.00
-178.00
-132.00
-88.00
-65.00
-52.00
-13.00
-29.00
-29.00
5.00
26.00
0.00
7.00
-25.00
-105.00
-110.00
-149.00
-122.00
-143.00
-151.00
-141.00
-199.00
-298.00
-470.00
-500.00
-291.00
-29.00
193.00
196.00
190.00
143.00
33.00
-73.00
-123.00
-150.00
-212.00
-229.00
-207.00
-149.00
-62.00
-16.00
4.00
-3.00
53.00
11.00
999999
63.00
63.00
97.00
104.00
315.00
468.00
440.00
284.00
-9.00
-207.00
-320.00
-401.00
-334.00
-285.00
-191.00
-195.00
-123.00
-110.00
-57.00
-42.00
0.00
13.00
14.00
7.00
17.00
-25.00
1.00
-34.00
-41.00
-10.00
0.00
-26.00
-83.00
-121.00
-195.00
-296.00
-505.00
-588.00
-407.00
30.00
224.00
317.00
282.00
188.00
130.00
-15.00
-103.00
-171.00
-183.00
-135.00
-76.00
-62.00
16.00
45.00
14.00
38.00
999999
-22.00
0.00
0.00
73.00
247.00
335.00
353.00
222.00
65.00
-108.00
-226.00
-303.00
-320.00
-336.00
-282.00
-240.00
-170.00
-140.00
-79.00
-63.00
10.00
9.00
56.00
67.00
45.00
40.00
-67.00
-86.00
-89.00
-82.00
-126.00
-136.00
-171.00
-232.00
-282.00
-404.00
-511.00
-357.00
23.00
242.00
299.00
291.00
222.00
85.00
-45.00
-141.00
-207.00
-235.00
-231.00
-125.00
-68.00
-19.00
89.00
113.00
76.00
999999
36.00
55.00
55.00
135.00
238.00
353.00
398.00
247.00
65.00
-167.00
-303.00
-409.00
-393.00
-325.00
-269.00
-178.00
-127.00
-84.00
-64.00
8.00
43.00
14.00
69.00
82.00
79.00
18.00
-2.00
-52.00
-101.00
-157.00
-411.00
-657.00
-659.00
-161.00
202.00
375.00
339.00
274.00
153.00
28.00
-141.00
-143.00
-85.00
32.00
71.00
56.00
-28.00
-47.00
20.00
999999
-94.00
-126.00
-126.00
-74.00
55.00
111.00
131.00
94.00
-15.00
-107.00
-194.00
-288.00
-376.00
-424.00
-454.00
-438.00
-373.00
-252.00
-151.00
-45.00
38.00
140.00
145.00
101.00
-43.00
-158.00
-348.00
-413.00
-419.00
-419.00
-385.00
-375.00
-371.00
-442.00
-448.00
-318.00
-184.00
-97.00
-30.00
-65.00
-65.00
-138.00
-270.00
-375.00
-524.00
-653.00
-699.00
-537.00
-158.00
151.00
176.00
180.00
79.00
999999
-100.00
-100.00
-100.00
5.00
60.00
-14.00
-89.00
-215.00
-253.00
-301.00
-360.00
-389.00
-424.00
-413.00
-348.00
-288.00
-198.00
-102.00
-9.00
89.00
162.00
128.00
-11.00
-225.00
-368.00
-471.00
-535.00
-519.00
-472.00
-433.00
-388.00
-380.00
-420.00
-273.00
-223.00
-99.00
-60.00
-84.00
-87.00
-193.00
-286.00
-345.00
-403.00
-518.00
-610.00
-694.00
-618.00
-426.00
-70.00
243.00
227.00
165.00
64.00
999999
-88.00
-88.00
-88.00
-21.00
217.00
259.00
256.00
145.00
-48.00
-186.00
-390.00
-450.00
-461.00
-392.00
-321.00
-244.00
-206.00
-139.00
-60.00
-15.00
76.00
105.00
145.00
49.00
-60.00
-171.00
-282.00
-381.00
-411.00
-370.00
-349.00
-358.00
-338.00
-488.00
-524.00
-400.00
-191.00
21.00
36.00
25.00
-15.00
-87.00
-153.00
-251.00
-372.00
-494.00
-528.00
-490.00
-281.00
-113.00
117.00
129.00
88.00
44.00
999999
-163.00
-163.00
-153.00
-48.00
75.00
46.00
-29.00
-87.00
-128.00
-175.00
-245.00
-293.00
-358.00
-431.00
-358.00
-386.00
-289.00
-255.00
-222.00
-193.00
-111.00
-66.00
11.00
90.00
140.00
98.00
-7.00
-186.00
-285.00
-440.00
-462.00
-458.00
-460.00
-438.00
-393.00
-407.00
-408.00
-443.00
-460.00
-124.00
-3.00
-47.00
-151.00
-165.00
-236.00
-329.00
-344.00
-422.00
-591.00
-718.00
-743.00
-543.00
-180.00
208.00
290.00
233.00
999999
-167.00
-146.00
-146.00
-153.00
-131.00
-101.00
-100.00
-136.00
-160.00
-153.00
-250.00
-312.00
-334.00
-356.00
-324.00
-268.00
-279.00
-239.00
-235.00
-232.00
-191.00
-148.00
-123.00
-76.00
7.00
73.00
107.00
50.00
-60.00
-202.00
-384.00
-521.00
-544.00
-547.00
-524.00
-498.00
-415.00
-398.00
-347.00
-299.00
-193.00
-87.00
-128.00
-141.00
-175.00
-193.00
-237.00
-317.00
-358.00
-432.00
-468.00
-617.00
-717.00
-669.00
-460.00
-199.00
240.00
261.00
200.00
999999
-72.00
-46.00
-46.00
-79.00
18.00
22.00
194.00
270.00
263.00
171.00
35.00
-87.00
-226.00
-301.00
-325.00
-366.00
-286.00
-254.00
-220.00
-182.00
-161.00
-131.00
-74.00
-66.00
-40.00
-9.00
39.00
42.00
-6.00
-68.00
-98.00
-117.00
-195.00
-216.00
-241.00
-240.00
-210.00
-251.00
-252.00
-330.00
-445.00
-582.00
-459.00
-168.00
80.00
134.00
126.00
66.00
-12.00
-82.00
-169.00
-211.00
-296.00
-418.00
-432.00
-332.00
-188.00
-13.00
65.00
43.00
53.00
1.00
999999
-132.00
-132.00
-113.00
-113.00
-61.00
19.00
54.00
40.00
-56.00
-84.00
-186.00
-256.00
-278.00
-357.00
-351.00
-355.00
-338.00
-259.00
-223.00
-185.00
-170.00
-152.00
-161.00
-172.00
-178.00
-177.00
-159.00
-172.00
-121.00
-19.00
62.00
86.00
15.00
-170.00
-361.00
-454.00
-492.00
-507.00
-428.00
-331.00
-328.00
-317.00
-409.00
-498.00
-558.00
-257.00
-58.00
-28.00
-17.00
-115.00
-145.00
-272.00
-551.00
-930.00
-1015.00
-420.00
13.00
332.00
372.00
248.00
999999
-216.00
-216.00
-198.00
-195.00
-203.00
-71.00
-85.00
-86.00
-99.00
-130.00
-144.00
-222.00
-304.00
-319.00
-375.00
-388.00
-400.00
-342.00
-180.00
-36.00
155.00
257.00
255.00
147.00
-25.00
-300.00
-555.00
-657.00
-624.00
-577.00
-493.00
-438.00
-385.00
-338.00
-274.00
-144.00
-116.00
-150.00
-176.00
-188.00
-207.00
-277.00
-345.00
-471.00
-641.00
-942.00
-825.00
-493.00
-109.00
253.00
310.00
260.00
144.00
-61.00
-136.00
-221.00
999999
-194.00
-194.00
-194.00
-217.00
-142.00
-97.00
-201.00
-153.00
-100.00
-139.00
-161.00
-196.00
-301.00
-343.00
-337.00
-329.00
-300.00
-276.00
-267.00
-225.00
-168.00
-99.00
-20.00
115.00
185.00
192.00
62.00
-174.00
-469.00
-714.00
-743.00
-615.00
-509.00
-415.00
-362.00
-322.00
-299.00
-304.00
-107.00
-89.00
-210.00
-241.00
-156.00
-183.00
-204.00
-210.00
-304.00
-367.00
-458.00
-681.00
-866.00
-991.00
-720.00
-109.00
348.00
407.00
360.00
999999
-209.00
-173.00
-173.00
-187.00
-66.00
-156.00
-38.00
-61.00
-168.00
-139.00
-284.00
-301.00
-388.00
-379.00
-369.00
-356.00
-303.00
-281.00
-247.00
-210.00
-148.00
-79.00
9.00
94.00
111.00
68.00
-105.00
-318.00
-478.00
-570.00
-568.00
-536.00
-471.00
-396.00
-369.00
-331.00
-348.00
-186.00
-136.00
-172.00
-217.00
-179.00
-212.00
-272.00
-363.00
-382.00
-480.00
-717.00
-810.00
-780.00
-470.00
-81.00
247.00
333.00
264.00
999999
-209.00
-173.00
-173.00
-187.00
-66.00
-156.00
-38.00
-61.00
-168.00
-139.00
-284.00
-301.00
-388.00
-379.00
-369.00
-356.00
-303.00
-281.00
-247.00
-210.00
-148.00
-79.00
9.00
94.00
111.00
68.00
-105.00
-318.00
-478.00
-570.00
-568.00
-536.00
-471.00
-396.00
-369.00
-331.00
-348.00
-186.00
-136.00
-172.00
-217.00
-179.00
-212.00
-272.00
-363.00
-382.00
-480.00
-717.00
-810.00
-780.00
-470.00
-81.00
247.00
333.00
264.00
999999
-61.00
-56.00
-56.00
-80.00
-9.00
49.00
63.00
109.00
131.00
135.00
81.00
-13.00
-134.00
-256.00
-317.00
-357.00
-348.00
-272.00
-216.00
-168.00
-156.00
-142.00
-135.00
-120.00
-98.00
11.00
-14.00
40.00
3.00
-32.00
-153.00
-243.00
-271.00
-300.00
-313.00
-236.00
-212.00
-212.00
-212.00
-297.00
-397.00
-600.00
-439.00
-192.00
81.00
153.00
121.00
40.00
18.00
-107.00
-132.00
-201.00
-289.00
-304.00
-371.00
-296.00
-277.00
-158.00
2.00
54.00
105.00
66.00
-65.00
-129.00
-129.00
999999
-142.00
-167.00
-167.00
-96.00
32.00
5.00
128.00
169.00
37.00
-41.00
-148.00
-260.00
-372.00
-387.00
-401.00
-362.00
-308.00
-247.00
-238.00
-190.00
-154.00
-103.00
-72.00
-6.00
24.00
35.00
66.00
-63.00
-192.00
-288.00
-381.00
-429.00
-397.00
-368.00
-304.00
-275.00
-277.00
-253.00
-406.00
-473.00
-390.00
-226.00
-62.00
-41.00
-28.00
-83.00
-125.00
-175.00
-250.00
-325.00
-470.00
-573.00
-660.00
-611.00
-260.00
-7.00
151.00
154.00
201.00
-39.00
999999
-243.00
-243.00
-243.00
-159.00
-78.00
-109.00
-36.00
-29.00
-61.00
-126.00
-172.00
-216.00
-294.00
-320.00
-301.00
-326.00
-312.00
-282.00
-260.00
-233.00
-197.00
-121.00
-98.00
-85.00
73.00
54.00
43.00
-53.00
-221.00
-414.00
-584.00
-572.00
-518.00
-443.00
-361.00
-315.00
-269.00
-280.00
-314.00
-325.00
-275.00
-272.00
-234.00
-166.00
-169.00
-153.00
-175.00
-232.00
-281.00
-305.00
-436.00
-498.00
-567.00
-649.00
-628.00
-484.00
-126.00
137.00
230.00
147.00
74.00
-71.00
999999
-222.00
-222.00
-222.00
-173.00
-109.00
-142.00
-124.00
-107.00
-107.00
-169.00
-165.00
-255.00
-321.00
-326.00
-359.00
-353.00
-309.00
-318.00
-286.00
-291.00
-221.00
-172.00
-117.00
66.00
151.00
167.00
46.00
-161.00
-382.00
-546.00
-636.00
-613.00
-483.00
-427.00
-340.00
-286.00
-301.00
-320.00
-275.00
-214.00
-173.00
-206.00
-163.00
-205.00
-206.00
-276.00
-332.00
-398.00
-511.00
-652.00
-735.00
-754.00
-510.00
-38.00
232.00
223.00
176.00
999999
-222.00
-222.00
-222.00
-172.00
-174.00
-229.00
-218.00
-210.00
-214.00
-176.00
-208.00
-228.00
-268.00
-298.00
-298.00
-311.00
-270.00
-276.00
-255.00
-166.00
-74.00
53.00
77.00
37.00
-57.00
-156.00
-264.00
-444.00
-531.00
-592.00
-627.00
-538.00
-408.00
-323.00
-290.00
-152.00
-180.00
-208.00
-226.00
-237.00
-253.00
-280.00
-304.00
-308.00
-382.00
-496.00
-640.00
-727.00
-708.00
-548.00
-282.00
52.00
165.00
192.00
120.00
48.00
-70.00
999999
-26.00
0.00
0.00
34.00
189.00
245.00
304.00
303.00
61.00
-95.00
-194.00
-237.00
-244.00
-216.00
-199.00
-186.00
-176.00
-127.00
-109.00
-62.00
-20.00
1.00
-14.00
28.00
9.00
32.00
-10.00
-81.00
-87.00
-110.00
-133.00
-162.00
-241.00
-389.00
-511.00
-533.00
-275.00
86.00
208.00
258.00
187.00
142.00
69.00
16.00
-62.00
-126.00
-181.00
-154.00
-131.00
-94.00
-15.00
53.00
18.00
-17.00
999999
