-102.00
-106.00
-106.00
-120.00
-111.00
-69.00
-37.00
-32.00
-20.00
-34.00
-33.00
-28.00
-18.00
2.00
4.00
-13.00
-20.00
999999
-45.00
-45.00
-45.00
-52.00
-63.00
-65.00
-60.00
-43.00
-19.00
17.00
35.00
55.00
65.00
80.00
77.00
79.00
64.00
37.00
12.00
10.00
2.00
-11.00
-39.00
999999
-46.00
-46.00
-46.00
-21.00
-14.00
-6.00
9.00
33.00
40.00
51.00
42.00
41.00
37.00
32.00
21.00
13.00
-1.00
-12.00
-18.00
-21.00
-26.00
999999
-91.00
-91.00
-105.00
-94.00
-107.00
-105.00
-86.00
-76.00
-52.00
-17.00
22.00
13.00
-3.00
53.00
71.00
63.00
43.00
20.00
8.00
-8.00
-22.00
999999
-16.00
-12.00
-12.00
-41.00
-44.00
-48.00
-58.00
-50.00
-37.00
-17.00
18.00
81.00
92.00
110.00
147.00
148.00
153.00
126.00
95.00
66.00
999999
-61.00
-61.00
-61.00
-66.00
-74.00
-78.00
-66.00
-37.00
-19.00
1.00
18.00
11.00
19.00
25.00
32.00
38.00
39.00
32.00
8.00
-15.00
-37.00
-45.00
999999
-37.00
-37.00
-37.00
-43.00
-44.00
-42.00
-32.00
-22.00
-9.00
4.00
12.00
13.00
18.00
18.00
16.00
10.00
2.00
4.00
2.00
-2.00
0.00
-5.00
999999
-26.00
-26.00
-26.00
-19.00
-16.00
-11.00
3.00
8.00
19.00
29.00
28.00
42.00
38.00
32.00
34.00
30.00
15.00
6.00
13.00
-2.00
999999
-20.00
-20.00
-20.00
-19.00
-30.00
-29.00
-32.00
-27.00
-23.00
-10.00
12.00
19.00
13.00
26.00
26.00
15.00
30.00
25.00
21.00
17.00
6.00
999999
-41.00
-69.00
-69.00
-49.00
-64.00
-67.00
-52.00
-32.00
-3.00
20.00
32.00
64.00
60.00
37.00
51.00
42.00
50.00
54.00
48.00
36.00
999999
-70.00
-70.00
-80.00
-78.00
-76.00
-78.00
-67.00
-58.00
-49.00
-39.00
-33.00
-30.00
-24.00
-28.00
-30.00
-32.00
-27.00
-24.00
-28.00
-35.00
-35.00
-41.00
-46.00
999999
-67.00
-67.00
-67.00
-64.00
-65.00
-59.00
-55.00
-57.00
-43.00
-24.00
-6.00
4.00
16.00
16.00
11.00
12.00
-5.00
-7.00
-20.00
-34.00
999999
-229.00
-191.00
-191.00
-223.00
-232.00
-235.00
-231.00
-226.00
-225.00
-215.00
-202.00
-194.00
-190.00
-191.00
-174.00
-172.00
-160.00
-159.00
-165.00
-173.00
999999
-209.00
-209.00
-209.00
-209.00
-231.00
-235.00
-228.00
-225.00
-221.00
-218.00
-202.00
-193.00
-183.00
-175.00
-169.00
-160.00
-166.00
-174.00
-161.00
-164.00
-177.00
999999
-18.00
-18.00
-32.00
-39.00
-55.00
-47.00
-38.00
-35.00
-12.00
15.00
30.00
19.00
26.00
8.00
21.00
8.00
19.00
16.00
5.00
-2.00
-8.00
999999
65.00
65.00
65.00
66.00
64.00
60.00
47.00
52.00
58.00
79.00
109.00
130.00
144.00
138.00
134.00
127.00
124.00
124.00
106.00
98.00
82.00
58.00
999999
49.00
49.00
41.00
43.00
45.00
15.00
-1.00
-15.00
-13.00
18.00
51.00
73.00
87.00
98.00
115.00
121.00
107.00
95.00
84.00
79.00
63.00
54.00
38.00
34.00
999999
-13.00
-13.00
-13.00
-16.00
-2.00
1.00
-5.00
18.00
18.00
20.00
31.00
22.00
24.00
22.00
18.00
9.00
2.00
2.00
-1.00
-12.00
-26.00
999999
-269.00
-306.00
-306.00
-283.00
-284.00
-270.00
-252.00
-261.00
-266.00
-262.00
-259.00
-261.00
-255.00
-237.00
-231.00
-202.00
-204.00
-189.00
-179.00
-196.00
-191.00
-204.00
999999
-229.00
-229.00
-229.00
-238.00
-256.00
-265.00
-265.00
-272.00
-267.00
-266.00
-258.00
-255.00
-238.00
-215.00
-212.00
-208.00
-198.00
-193.00
-178.00
-193.00
-181.00
999999
-70.00
-70.00
-79.00
-88.00
-122.00
-172.00
-187.00
-153.00
-102.00
-41.00
-13.00
19.00
32.00
43.00
52.00
23.00
20.00
7.00
20.00
11.00
-13.00
999999
-81.00
-81.00
-81.00
-84.00
-74.00
-67.00
-69.00
-52.00
-35.00
-25.00
-14.00
-7.00
2.00
8.00
10.00
3.00
5.00
0.00
-11.00
-27.00
-29.00
999999
-113.00
-113.00
-125.00
-116.00
-120.00
-126.00
-141.00
-128.00
-94.00
-48.00
-31.00
-16.00
-13.00
-12.00
-1.00
-4.00
-1.00
-12.00
-15.00
-34.00
-45.00
-49.00
999999
-31.00
-31.00
-34.00
-20.00
-9.00
3.00
25.00
35.00
41.00
61.00
64.00
67.00
60.00
60.00
46.00
40.00
23.00
21.00
-1.00
-1.00
999999
-163.00
-163.00
-163.00
-179.00
-182.00
-175.00
-155.00
-136.00
-135.00
-128.00
-120.00
-127.00
-116.00
-127.00
-143.00
-139.00
-147.00
-130.00
-116.00
-100.00
-102.00
999999
-210.00
-210.00
-210.00
-195.00
-195.00
-205.00
-216.00
-207.00
-191.00
-180.00
-174.00
-175.00
-168.00
-170.00
-169.00
-167.00
-160.00
-151.00
-149.00
999999
-187.00
-187.00
-175.00
-193.00
-186.00
-166.00
-157.00
-143.00
-129.00
-123.00
-125.00
-125.00
-125.00
-126.00
-132.00
-138.00
-134.00
-124.00
-123.00
999999
-97.00
-97.00
-97.00
-104.00
-105.00
-101.00
-107.00
-106.00
-102.00
-88.00
-86.00
-75.00
-72.00
-69.00
-56.00
-42.00
-21.00
-4.00
-6.00
-12.00
-15.00
-24.00
999999
-160.00
-160.00
-160.00
-159.00
-161.00
-166.00
-168.00
-164.00
-160.00
-141.00
-127.00
-121.00
-107.00
-100.00
-89.00
-71.00
-77.00
-75.00
999999
-118.00
-118.00
-129.00
-121.00
-127.00
-117.00
-119.00
-119.00
-99.00
-84.00
-66.00
-52.00
-64.00
-58.00
-36.00
-27.00
-37.00
-26.00
-22.00
-24.00
999999
-59.00
-59.00
-59.00
-50.00
-49.00
-21.00
0.00
6.00
11.00
13.00
16.00
16.00
24.00
12.00
7.00
2.00
8.00
0.00
0.00
-4.00
999999
-55.00
-55.00
-55.00
-60.00
-71.00
-65.00
-52.00
-38.00
-40.00
-19.00
-9.00
-6.00
-14.00
-16.00
-29.00
-25.00
-29.00
-55.00
-59.00
-65.00
-77.00
-79.00
999999
-86.00
-86.00
-95.00
-71.00
-76.00
-82.00
-80.00
-69.00
-64.00
-53.00
-31.00
-9.00
-2.00
-9.00
-34.00
-45.00
-63.00
-65.00
-63.00
999999
-67.00
-48.00
-48.00
-67.00
-65.00
-71.00
-64.00
-55.00
-56.00
-48.00
-49.00
-37.00
-39.00
-45.00
-47.00
-42.00
-40.00
-34.00
-34.00
-27.00
-25.00
999999
-139.00
-139.00
-139.00
-112.00
-114.00
-123.00
-117.00
-118.00
-112.00
-93.00
-105.00
-85.00
-81.00
-74.00
-87.00
-78.00
-79.00
-89.00
999999
-38.00
-38.00
-38.00
-34.00
-14.00
2.00
14.00
24.00
35.00
46.00
51.00
50.00
52.00
50.00
39.00
34.00
39.00
37.00
46.00
999999
-48.00
-48.00
-35.00
-29.00
-22.00
-17.00
-3.00
4.00
7.00
16.00
16.00
10.00
10.00
13.00
14.00
10.00
19.00
26.00
31.00
999999
-34.00
-34.00
-31.00
-32.00
-29.00
-20.00
-19.00
-13.00
-9.00
-5.00
-4.00
0.00
-3.00
-4.00
-19.00
-2.00
-11.00
-4.00
-6.00
-9.00
-15.00
-8.00
-9.00
-6.00
999999
-53.00
-53.00
-53.00
-57.00
-72.00
-60.00
-33.00
-24.00
-18.00
-8.00
0.00
13.00
21.00
39.00
24.00
31.00
40.00
38.00
22.00
0.00
-17.00
999999
-131.00
-94.00
-94.00
-124.00
-135.00
-125.00
-128.00
-125.00
-112.00
-93.00
-85.00
-82.00
-85.00
-92.00
-96.00
-99.00
-108.00
-116.00
999999
-118.00
-118.00
-118.00
-121.00
-125.00
-129.00
-126.00
-117.00
-120.00
-119.00
-110.00
-106.00
-100.00
-109.00
-103.00
-96.00
-93.00
-81.00
-83.00
999999
18.00
18.00
18.00
16.00
1.00
-2.00
5.00
1.00
9.00
10.00
12.00
11.00
13.00
10.00
-4.00
0.00
-1.00
-9.00
-10.00
-15.00
-9.00
0.00
-5.00
999999
-14.00
-21.00
-21.00
-20.00
-15.00
-21.00
-23.00
-12.00
-4.00
0.00
2.00
3.00
15.00
8.00
7.00
0.00
0.00
6.00
8.00
11.00
7.00
-1.00
-10.00
-12.00
999999
-3.00
-3.00
-7.00
-8.00
-1.00
0.00
-2.00
1.00
6.00
23.00
25.00
34.00
53.00
52.00
56.00
59.00
48.00
33.00
33.00
27.00
21.00
14.00
8.00
999999
-4.00
-2.00
-2.00
-5.00
0.00
2.00
-26.00
-15.00
-5.00
15.00
32.00
33.00
45.00
32.00
26.00
24.00
8.00
20.00
15.00
5.00
21.00
21.00
18.00
999999
6.00
6.00
-4.00
1.00
-1.00
-8.00
-5.00
-15.00
-3.00
-1.00
0.00
8.00
3.00
26.00
22.00
5.00
17.00
33.00
21.00
12.00
21.00
23.00
11.00
999999
2.00
2.00
2.00
-5.00
-8.00
-14.00
-21.00
-31.00
-21.00
-2.00
3.00
12.00
24.00
23.00
9.00
29.00
36.00
38.00
43.00
48.00
33.00
40.00
33.00
999999
-1.00
-1.00
-1.00
-3.00
3.00
7.00
20.00
20.00
9.00
14.00
16.00
15.00
8.00
2.00
5.00
3.00
13.00
5.00
3.00
16.00
3.00
2.00
22.00
10.00
999999
39.00
39.00
31.00
32.00
41.00
32.00
24.00
19.00
11.00
22.00
31.00
16.00
42.00
41.00
24.00
44.00
37.00
34.00
45.00
33.00
40.00
27.00
35.00
6.00
29.00
999999
14.00
14.00
14.00
11.00
24.00
29.00
38.00
25.00
25.00
18.00
24.00
23.00
1.00
14.00
11.00
4.00
-1.00
24.00
21.00
19.00
999999
1.00
1.00
1.00
7.00
1.00
0.00
12.00
32.00
41.00
48.00
49.00
56.00
62.00
68.00
56.00
49.00
48.00
37.00
23.00
999999
9.00
9.00
9.00
0.00
7.00
5.00
6.00
7.00
31.00
42.00
42.00
78.00
59.00
47.00
52.00
41.00
45.00
58.00
44.00
44.00
52.00
39.00
999999
4.00
4.00
1.00
2.00
2.00
7.00
0.00
4.00
7.00
9.00
34.00
33.00
36.00
31.00
41.00
64.00
34.00
45.00
56.00
30.00
28.00
999999
-12.00
-17.00
-17.00
-12.00
-11.00
-12.00
-15.00
-12.00
-10.00
-13.00
-11.00
-6.00
1.00
-10.00
0.00
-3.00
3.00
3.00
4.00
15.00
11.00
14.00
999999
-3.00
-3.00
0.00
-15.00
-19.00
-19.00
-19.00
-8.00
-8.00
4.00
17.00
9.00
6.00
15.00
2.00
9.00
3.00
0.00
3.00
11.00
10.00
4.00
999999
-40.00
-40.00
-40.00
-41.00
-44.00
-43.00
-49.00
-58.00
-50.00
-48.00
-47.00
-11.00
-12.00
-6.00
0.00
4.00
-2.00
-2.00
-8.00
-18.00
-14.00
-7.00
-3.00
999999
-36.00
-36.00
-36.00
-60.00
-58.00
-38.00
-24.00
-2.00
9.00
24.00
44.00
36.00
34.00
29.00
15.00
2.00
3.00
11.00
19.00
14.00
999999
-32.00
-32.00
-32.00
-36.00
-38.00
-35.00
-34.00
-21.00
-12.00
-12.00
8.00
6.00
15.00
27.00
40.00
32.00
35.00
45.00
999999
-12.00
-12.00
7.00
1.00
-4.00
1.00
12.00
38.00
45.00
40.00
40.00
39.00
66.00
62.00
55.00
55.00
64.00
34.00
999999
-12.00
-12.00
-21.00
-10.00
-6.00
-7.00
-6.00
4.00
10.00
13.00
20.00
15.00
18.00
20.00
20.00
28.00
23.00
31.00
999999
-37.00
-40.00
-40.00
-37.00
-41.00
-41.00
-53.00
-57.00
-61.00
-66.00
-61.00
-49.00
-26.00
-17.00
-7.00
11.00
13.00
21.00
31.00
27.00
999999
-29.00
-29.00
-26.00
-37.00
-31.00
-38.00
-39.00
-4.00
36.00
70.00
78.00
77.00
68.00
52.00
33.00
17.00
5.00
18.00
25.00
999999
-68.00
-53.00
-53.00
-66.00
-60.00
-33.00
-26.00
-3.00
10.00
26.00
57.00
69.00
83.00
89.00
73.00
54.00
33.00
999999
-66.00
-66.00
-66.00
-69.00
-40.00
-24.00
33.00
69.00
103.00
122.00
127.00
117.00
105.00
87.00
78.00
49.00
18.00
3.00
-7.00
999999
114.00
114.00
114.00
117.00
101.00
85.00
74.00
49.00
33.00
11.00
2.00
-23.00
-27.00
-24.00
-24.00
999999
-5.00
-13.00
-13.00
-13.00
-9.00
-23.00
-19.00
-14.00
24.00
45.00
59.00
74.00
82.00
88.00
100.00
83.00
67.00
62.00
42.00
16.00
999999
-41.00
-41.00
-41.00
-35.00
-19.00
2.00
33.00
78.00
109.00
136.00
155.00
153.00
135.00
116.00
83.00
76.00
59.00
54.00
42.00
999999
-64.00
-38.00
-38.00
-61.00
-53.00
-36.00
-21.00
10.00
28.00
49.00
80.00
82.00
96.00
107.00
111.00
111.00
107.00
93.00
93.00
56.00
999999
94.00
94.00
94.00
109.00
113.00
125.00
120.00
101.00
63.00
31.00
9.00
-8.00
-30.00
-29.00
999999
-41.00
-41.00
-41.00
-35.00
-24.00
-5.00
20.00
39.00
67.00
93.00
105.00
124.00
113.00
98.00
76.00
65.00
49.00
999999
-19.00
26.00
26.00
-6.00
40.00
53.00
98.00
140.00
149.00
154.00
141.00
105.00
103.00
61.00
32.00
29.00
21.00
999999
-18.00
-14.00
-14.00
-12.00
-18.00
-12.00
7.00
18.00
36.00
99.00
120.00
135.00
168.00
156.00
150.00
128.00
83.00
999999
-16.00
-16.00
-16.00
-32.00
-39.00
-37.00
0.00
12.00
90.00
61.00
98.00
118.00
132.00
127.00
101.00
95.00
999999
-31.00
-31.00
-33.00
-55.00
-33.00
-4.00
12.00
44.00
47.00
58.00
83.00
87.00
92.00
104.00
100.00
91.00
68.00
42.00
15.00
999999
-26.00
-26.00
-42.00
-42.00
-46.00
-22.00
14.00
26.00
52.00
71.00
90.00
106.00
115.00
112.00
95.00
112.00
106.00
95.00
54.00
999999
-67.00
-67.00
-67.00
-67.00
-61.00
-39.00
-30.00
-12.00
28.00
40.00
61.00
77.00
75.00
86.00
87.00
69.00
69.00
53.00
999999
-23.00
-28.00
-28.00
-47.00
-48.00
-36.00
-18.00
6.00
35.00
59.00
60.00
73.00
84.00
78.00
84.00
86.00
80.00
65.00
48.00
999999
-66.00
-71.00
-71.00
-57.00
-75.00
-72.00
-74.00
-61.00
-49.00
-25.00
-1.00
11.00
34.00
45.00
58.00
84.00
71.00
79.00
64.00
62.00
999999
-24.00
48.00
48.00
1.00
-12.00
0.00
8.00
33.00
32.00
41.00
-79.00
25.00
94.00
79.00
59.00
2.00
-8.00
-9.00
-1.00
3.00
12.00
2.00
-1.00
29.00
16.00
999999
-29.00
-29.00
-44.00
-28.00
-18.00
-19.00
39.00
66.00
104.00
115.00
115.00
118.00
119.00
126.00
123.00
106.00
89.00
55.00
999999
-31.00
-16.00
-16.00
-47.00
-31.00
3.00
24.00
50.00
66.00
81.00
91.00
104.00
97.00
95.00
89.00
68.00
68.00
999999
-24.00
-15.00
-15.00
-34.00
-12.00
0.00
13.00
36.00
44.00
58.00
83.00
105.00
102.00
101.00
86.00
85.00
67.00
999999
-35.00
-35.00
-35.00
-37.00
-6.00
5.00
30.00
69.00
97.00
128.00
146.00
136.00
107.00
88.00
93.00
81.00
67.00
74.00
63.00
999999
-17.00
-17.00
-7.00
-4.00
-9.00
20.00
60.00
88.00
111.00
129.00
142.00
132.00
119.00
112.00
105.00
84.00
65.00
999999
-37.00
-37.00
-37.00
-43.00
-52.00
-52.00
-27.00
7.00
46.00
71.00
89.00
115.00
114.00
112.00
119.00
111.00
98.00
68.00
42.00
999999
-63.00
-44.00
-44.00
-64.00
0.00
29.00
55.00
92.00
119.00
139.00
160.00
159.00
134.00
126.00
128.00
118.00
125.00
116.00
75.00
999999
-34.00
-34.00
-63.00
-34.00
-32.00
-18.00
3.00
17.00
40.00
44.00
70.00
67.00
70.00
85.00
75.00
62.00
60.00
37.00
22.00
999999
-21.00
-21.00
-13.00
-23.00
-41.00
-1.00
75.00
151.00
187.00
189.00
154.00
135.00
113.00
82.00
50.00
31.00
2.00
-15.00
999999
12.00
19.00
19.00
25.00
22.00
38.00
78.00
136.00
170.00
185.00
159.00
137.00
143.00
98.00
69.00
43.00
21.00
999999
-5.00
-5.00
-5.00
-20.00
4.00
15.00
47.00
73.00
97.00
115.00
121.00
125.00
102.00
87.00
48.00
37.00
19.00
-10.00
999999
-27.00
-37.00
-37.00
-5.00
-10.00
0.00
-28.00
-18.00
1.00
25.00
44.00
63.00
77.00
85.00
110.00
104.00
105.00
105.00
89.00
52.00
999999
-59.00
-59.00
-59.00
-54.00
-32.00
-24.00
40.00
79.00
110.00
112.00
129.00
128.00
114.00
107.00
99.00
72.00
60.00
16.00
999999
-32.00
-32.00
-32.00
-24.00
-15.00
-5.00
8.00
60.00
97.00
110.00
131.00
133.00
142.00
115.00
118.00
107.00
82.00
64.00
51.00
12.00
999999
-7.00
-7.00
-7.00
-5.00
3.00
46.00
95.00
123.00
138.00
150.00
141.00
134.00
120.00
96.00
86.00
60.00
58.00
999999
18.00
18.00
20.00
0.00
-14.00
14.00
8.00
17.00
57.00
92.00
121.00
128.00
151.00
143.00
145.00
141.00
135.00
93.00
999999
-27.00
-27.00
-27.00
-59.00
-46.00
-35.00
13.00
47.00
98.00
113.00
158.00
138.00
159.00
153.00
127.00
115.00
83.00
73.00
56.00
999999
-13.00
-13.00
-13.00
0.00
24.00
34.00
66.00
80.00
82.00
82.00
86.00
84.00
71.00
63.00
55.00
29.00
19.00
0.00
999999
-9.00
-9.00
-9.00
-13.00
-12.00
-3.00
19.00
57.00
81.00
101.00
104.00
110.00
111.00
95.00
86.00
62.00
45.00
41.00
999999
-36.00
-36.00
-20.00
-9.00
10.00
27.00
55.00
68.00
96.00
106.00
103.00
112.00
92.00
78.00
62.00
51.00
48.00
32.00
27.00
999999
4.00
16.00
16.00
1.00
28.00
49.00
78.00
90.00
110.00
95.00
89.00
80.00
68.00
76.00
65.00
53.00
44.00
24.00
25.00
999999
-21.00
-21.00
-21.00
-23.00
-16.00
24.00
44.00
55.00
79.00
76.00
78.00
75.00
74.00
66.00
61.00
63.00
60.00
45.00
41.00
999999
87.00
87.00
87.00
76.00
57.00
59.00
37.00
36.00
31.00
31.00
16.00
-10.00
999999
0.00
0.00
0.00
-2.00
-37.00
-54.00
-28.00
47.00
94.00
126.00
144.00
139.00
132.00
138.00
123.00
116.00
101.00
999999
-2.00
-2.00
3.00
8.00
3.00
5.00
23.00
27.00
43.00
56.00
67.00
80.00
77.00
102.00
115.00
106.00
92.00
93.00
999999
-28.00
-37.00
-37.00
-18.00
1.00
29.00
33.00
59.00
58.00
75.00
97.00
131.00
148.00
158.00
144.00
123.00
88.00
75.00
999999
-1.00
-1.00
-11.00
1.00
19.00
28.00
24.00
46.00
66.00
91.00
137.00
150.00
164.00
175.00
168.00
139.00
107.00
96.00
64.00
999999
-13.00
-13.00
-20.00
-2.00
-24.00
-17.00
13.00
36.00
42.00
52.00
75.00
84.00
107.00
111.00
83.00
77.00
59.00
22.00
4.00
12.00
999999
-4.00
-4.00
-4.00
4.00
10.00
0.00
-10.00
9.00
18.00
31.00
38.00
52.00
60.00
64.00
55.00
59.00
53.00
41.00
22.00
21.00
999999
-44.00
-42.00
-42.00
-25.00
-17.00
-5.00
5.00
18.00
28.00
31.00
29.00
28.00
29.00
22.00
16.00
20.00
11.00
999999
-60.00
-42.00
-42.00
-60.00
-47.00
-26.00
7.00
9.00
15.00
31.00
26.00
29.00
29.00
28.00
18.00
15.00
4.00
8.00
999999
-58.00
-58.00
-61.00
-36.00
-11.00
-10.00
9.00
14.00
21.00
23.00
28.00
26.00
22.00
12.00
8.00
7.00
1.00
-3.00
7.00
999999
-60.00
-60.00
-71.00
-57.00
-34.00
-15.00
-14.00
-1.00
0.00
1.00
8.00
11.00
11.00
17.00
19.00
22.00
32.00
42.00
53.00
999999
68.00
68.00
68.00
80.00
89.00
90.00
84.00
56.00
54.00
25.00
5.00
-5.00
-16.00
-28.00
-30.00
999999
-54.00
-54.00
-54.00
-40.00
-26.00
-6.00
11.00
25.00
47.00
58.00
64.00
74.00
79.00
66.00
78.00
59.00
82.00
999999
-52.00
-52.00
-66.00
-55.00
-42.00
-3.00
19.00
20.00
39.00
40.00
54.00
63.00
63.00
56.00
54.00
67.00
70.00
999999
-53.00
-76.00
-76.00
-55.00
-18.00
5.00
20.00
23.00
41.00
49.00
61.00
75.00
68.00
75.00
77.00
78.00
80.00
64.00
999999
45.00
45.00
45.00
50.00
40.00
37.00
43.00
34.00
20.00
26.00
19.00
10.00
-6.00
3.00
999999
-62.00
-62.00
-62.00
-58.00
-47.00
-30.00
-35.00
-34.00
-21.00
13.00
28.00
28.00
42.00
35.00
30.00
26.00
10.00
49.00
999999
-63.00
-63.00
-63.00
-69.00
-63.00
-60.00
-40.00
-31.00
-16.00
-6.00
0.00
6.00
10.00
3.00
11.00
5.00
9.00
12.00
999999
-14.00
-14.00
-14.00
-22.00
-32.00
-47.00
-53.00
-29.00
-15.00
11.00
22.00
44.00
48.00
54.00
56.00
53.00
46.00
36.00
35.00
52.00
999999
-53.00
-71.00
-71.00
-50.00
-65.00
-45.00
-37.00
-13.00
3.00
13.00
21.00
46.00
26.00
35.00
32.00
15.00
9.00
10.00
19.00
999999
-71.00
-25.00
-25.00
-65.00
-50.00
-42.00
-30.00
-9.00
0.00
3.00
16.00
15.00
25.00
24.00
39.00
46.00
53.00
999999
-49.00
-51.00
-51.00
-35.00
-35.00
-35.00
1.00
42.00
48.00
52.00
39.00
29.00
22.00
22.00
29.00
38.00
34.00
33.00
36.00
37.00
999999
-94.00
-81.00
-81.00
-73.00
-58.00
-13.00
-16.00
-3.00
2.00
0.00
4.00
11.00
4.00
11.00
28.00
35.00
35.00
38.00
38.00
43.00
20.00
999999
-52.00
-36.00
-36.00
-43.00
-19.00
-10.00
-12.00
-6.00
-1.00
0.00
-1.00
1.00
0.00
-1.00
-7.00
8.00
7.00
3.00
999999
-91.00
-86.00
-86.00
-83.00
-64.00
-35.00
-28.00
-21.00
-7.00
4.00
8.00
9.00
17.00
18.00
22.00
18.00
14.00
13.00
999999
28.00
28.00
28.00
28.00
40.00
40.00
34.00
32.00
37.00
48.00
48.00
27.00
-1.00
-23.00
-28.00
-11.00
9.00
14.00
999999
-55.00
-53.00
-53.00
-66.00
-40.00
-7.00
-3.00
6.00
10.00
12.00
33.00
32.00
32.00
26.00
29.00
31.00
35.00
38.00
48.00
999999
-72.00
-72.00
-84.00
-68.00
-60.00
-36.00
-11.00
2.00
10.00
36.00
43.00
33.00
34.00
28.00
20.00
17.00
14.00
3.00
12.00
24.00
999999
-94.00
-94.00
-82.00
-56.00
-21.00
7.00
12.00
31.00
31.00
27.00
27.00
23.00
25.00
22.00
24.00
29.00
29.00
36.00
52.00
999999
-77.00
-77.00
-77.00
-74.00
-56.00
-11.00
1.00
12.00
28.00
37.00
30.00
31.00
31.00
14.00
-2.00
-8.00
-2.00
0.00
20.00
22.00
999999
-127.00
-127.00
-127.00
-76.00
-44.00
-8.00
12.00
25.00
45.00
39.00
31.00
19.00
18.00
16.00
7.00
11.00
18.00
22.00
999999
-17.00
-12.00
-12.00
-15.00
-16.00
-14.00
-7.00
1.00
31.00
57.00
58.00
92.00
92.00
98.00
105.00
85.00
79.00
86.00
75.00
43.00
999999
-66.00
-53.00
-53.00
-54.00
-34.00
-10.00
-2.00
4.00
20.00
37.00
42.00
35.00
25.00
17.00
7.00
6.00
3.00
11.00
26.00
999999
-68.00
-68.00
-58.00
-69.00
-49.00
-13.00
-1.00
6.00
14.00
11.00
8.00
6.00
4.00
10.00
0.00
-10.00
-8.00
4.00
13.00
999999
-71.00
-71.00
-65.00
-48.00
-29.00
-14.00
-16.00
4.00
20.00
39.00
38.00
41.00
27.00
16.00
8.00
13.00
4.00
16.00
999999
-47.00
-30.00
-30.00
-23.00
-7.00
7.00
8.00
24.00
33.00
25.00
20.00
27.00
45.00
49.00
37.00
39.00
52.00
66.00
999999
-111.00
-92.00
-92.00
-114.00
-88.00
-59.00
-31.00
-1.00
25.00
48.00
43.00
39.00
39.00
38.00
24.00
30.00
55.00
65.00
999999
-9.00
-9.00
-9.00
-5.00
-11.00
1.00
17.00
41.00
61.00
78.00
79.00
77.00
68.00
70.00
56.00
50.00
60.00
49.00
999999
58.00
58.00
58.00
68.00
79.00
92.00
87.00
87.00
81.00
65.00
55.00
36.00
23.00
13.00
1.00
0.00
3.00
7.00
14.00
4.00
-8.00
999999
-39.00
-39.00
-39.00
-18.00
20.00
41.00
46.00
43.00
58.00
68.00
78.00
83.00
73.00
65.00
55.00
38.00
27.00
13.00
21.00
999999
-45.00
-13.00
-13.00
-60.00
-61.00
-42.00
-21.00
4.00
17.00
29.00
36.00
40.00
47.00
57.00
54.00
58.00
50.00
47.00
999999
-69.00
-69.00
-69.00
-69.00
-59.00
-35.00
-18.00
3.00
17.00
36.00
42.00
48.00
53.00
56.00
45.00
45.00
44.00
51.00
57.00
61.00
999999
-54.00
-54.00
-51.00
-26.00
2.00
24.00
39.00
52.00
54.00
53.00
54.00
57.00
65.00
62.00
51.00
55.00
50.00
65.00
72.00
999999
-38.00
-38.00
-26.00
-27.00
-20.00
-1.00
19.00
30.00
48.00
56.00
61.00
52.00
62.00
56.00
59.00
72.00
69.00
79.00
69.00
999999
-42.00
-42.00
-42.00
-38.00
-45.00
-30.00
-10.00
3.00
27.00
52.00
61.00
68.00
69.00
61.00
53.00
56.00
66.00
64.00
64.00
61.00
999999
-38.00
-38.00
-51.00
-63.00
-61.00
-36.00
-18.00
8.00
39.00
55.00
62.00
62.00
54.00
51.00
59.00
74.00
82.00
999999
-47.00
-47.00
-32.00
-29.00
-25.00
4.00
8.00
4.00
25.00
23.00
18.00
34.00
63.00
66.00
72.00
92.00
128.00
999999
-77.00
-77.00
-78.00
-50.00
-16.00
-31.00
-21.00
-17.00
-14.00
-15.00
-21.00
-30.00
-34.00
-34.00
-19.00
-18.00
-3.00
-18.00
999999
-62.00
-62.00
-53.00
-45.00
-25.00
-22.00
-31.00
-12.00
-7.00
5.00
18.00
23.00
25.00
12.00
23.00
15.00
7.00
4.00
1.00
7.00
999999
-77.00
-77.00
-65.00
-47.00
-24.00
10.00
19.00
26.00
20.00
17.00
6.00
-2.00
0.00
1.00
6.00
-5.00
-2.00
2.00
10.00
999999
-71.00
-54.00
-54.00
-64.00
-43.00
-31.00
-19.00
-14.00
-10.00
-2.00
8.00
23.00
35.00
29.00
23.00
19.00
13.00
9.00
13.00
25.00
999999
-38.00
23.00
23.00
-16.00
18.00
29.00
38.00
50.00
57.00
55.00
52.00
59.00
67.00
70.00
68.00
66.00
57.00
48.00
999999
-36.00
-39.00
-39.00
-38.00
-9.00
9.00
26.00
30.00
30.00
34.00
30.00
32.00
28.00
25.00
39.00
52.00
52.00
55.00
66.00
999999
-27.00
-27.00
-27.00
-7.00
22.00
34.00
30.00
45.00
46.00
49.00
40.00
33.00
30.00
30.00
40.00
48.00
64.00
74.00
999999
5.00
5.00
5.00
7.00
40.00
40.00
39.00
21.00
22.00
14.00
33.00
31.00
20.00
41.00
65.00
66.00
68.00
83.00
999999
-15.00
-15.00
-15.00
1.00
11.00
31.00
34.00
34.00
55.00
55.00
38.00
31.00
43.00
52.00
60.00
54.00
60.00
87.00
90.00
999999
-41.00
-41.00
-32.00
-41.00
-21.00
6.00
20.00
31.00
33.00
29.00
21.00
41.00
29.00
11.00
38.00
42.00
44.00
63.00
79.00
999999
-21.00
-14.00
-14.00
-43.00
-53.00
-39.00
-11.00
8.00
20.00
30.00
42.00
51.00
47.00
51.00
64.00
83.00
87.00
110.00
104.00
999999
-44.00
-44.00
-44.00
-46.00
-29.00
-11.00
1.00
15.00
22.00
26.00
28.00
24.00
41.00
56.00
64.00
68.00
69.00
92.00
999999
36.00
36.00
36.00
25.00
35.00
41.00
52.00
63.00
84.00
89.00
84.00
73.00
63.00
62.00
63.00
67.00
51.00
999999
-25.00
-25.00
-25.00
-33.00
-38.00
-14.00
13.00
3.00
13.00
22.00
23.00
31.00
46.00
61.00
69.00
98.00
147.00
171.00
999999
-31.00
11.00
11.00
-39.00
-37.00
-21.00
8.00
37.00
52.00
55.00
54.00
47.00
40.00
51.00
71.00
97.00
95.00
105.00
109.00
110.00
999999
-77.00
-54.00
-54.00
-51.00
-16.00
-2.00
13.00
20.00
30.00
32.00
33.00
45.00
45.00
50.00
51.00
57.00
45.00
999999
-19.00
-8.00
-8.00
-28.00
-32.00
-36.00
-19.00
8.00
22.00
36.00
36.00
33.00
30.00
31.00
37.00
49.00
45.00
57.00
78.00
999999
-32.00
-32.00
-32.00
-33.00
-54.00
-43.00
-18.00
-4.00
11.00
21.00
43.00
48.00
59.00
64.00
68.00
86.00
81.00
105.00
114.00
99.00
999999
-28.00
-28.00
-28.00
-54.00
-52.00
-18.00
11.00
35.00
41.00
49.00
56.00
61.00
61.00
71.00
65.00
72.00
71.00
82.00
105.00
125.00
999999
-44.00
-36.00
-36.00
-38.00
-32.00
-33.00
-24.00
-9.00
19.00
61.00
79.00
75.00
71.00
66.00
60.00
57.00
45.00
35.00
32.00
23.00
-13.00
-10.00
6.00
999999
-54.00
-54.00
-22.00
-59.00
-54.00
-23.00
-9.00
1.00
15.00
27.00
28.00
42.00
50.00
42.00
44.00
54.00
55.00
49.00
54.00
999999
-46.00
-46.00
-62.00
-51.00
-37.00
3.00
21.00
28.00
45.00
49.00
52.00
49.00
48.00
32.00
37.00
42.00
53.00
62.00
999999
-40.00
-69.00
-69.00
-3.00
5.00
27.00
29.00
28.00
27.00
29.00
43.00
40.00
38.00
37.00
58.00
71.00
76.00
73.00
999999
-37.00
-37.00
-32.00
-23.00
4.00
23.00
37.00
37.00
43.00
47.00
51.00
56.00
43.00
33.00
48.00
67.00
80.00
64.00
999999
26.00
26.00
26.00
41.00
39.00
58.00
52.00
41.00
40.00
34.00
10.00
-8.00
-31.00
-25.00
-20.00
-22.00
-21.00
999999
-58.00
-65.00
-65.00
-66.00
-54.00
-38.00
-18.00
-9.00
5.00
24.00
47.00
45.00
46.00
55.00
52.00
45.00
50.00
60.00
62.00
46.00
38.00
999999
-13.00
-13.00
-13.00
0.00
23.00
44.00
36.00
23.00
21.00
21.00
44.00
51.00
40.00
56.00
61.00
66.00
67.00
79.00
64.00
999999
-31.00
-31.00
-17.00
-3.00
16.00
39.00
28.00
29.00
34.00
41.00
53.00
74.00
60.00
50.00
59.00
64.00
62.00
60.00
999999
-13.00
-27.00
-27.00
-2.00
1.00
13.00
27.00
37.00
38.00
39.00
40.00
31.00
25.00
26.00
25.00
38.00
58.00
999999
-16.00
-24.00
-24.00
6.00
15.00
25.00
17.00
16.00
29.00
35.00
43.00
53.00
67.00
70.00
74.00
66.00
62.00
56.00
999999
-39.00
-39.00
-21.00
-17.00
-2.00
18.00
39.00
68.00
98.00
115.00
138.00
144.00
136.00
120.00
117.00
111.00
96.00
999999
3.00
3.00
1.00
-6.00
-26.00
-22.00
-16.00
10.00
44.00
74.00
96.00
129.00
140.00
155.00
159.00
137.00
999999
-40.00
-43.00
-43.00
-31.00
16.00
51.00
60.00
73.00
89.00
105.00
117.00
104.00
95.00
97.00
88.00
65.00
72.00
68.00
999999
-20.00
-20.00
-16.00
-22.00
-9.00
-25.00
0.00
30.00
48.00
68.00
61.00
44.00
54.00
48.00
46.00
23.00
28.00
16.00
999999
18.00
18.00
18.00
13.00
13.00
19.00
24.00
41.00
57.00
68.00
68.00
70.00
72.00
86.00
72.00
73.00
59.00
49.00
45.00
27.00
999999
44.00
44.00
35.00
27.00
27.00
42.00
79.00
90.00
106.00
127.00
158.00
159.00
156.00
146.00
134.00
127.00
142.00
103.00
42.00
999999
-49.00
-49.00
-49.00
-52.00
-50.00
-35.00
-3.00
16.00
24.00
34.00
46.00
57.00
64.00
61.00
54.00
46.00
60.00
62.00
999999
-63.00
-51.00
-51.00
-59.00
-40.00
-18.00
-1.00
15.00
24.00
30.00
30.00
26.00
29.00
40.00
53.00
58.00
54.00
999999
-70.00
-70.00
-70.00
-76.00
-46.00
-24.00
-8.00
0.00
2.00
-1.00
1.00
7.00
20.00
23.00
16.00
19.00
23.00
32.00
28.00
999999
-88.00
-78.00
-78.00
-91.00
-81.00
-69.00
-51.00
-31.00
-30.00
-15.00
-12.00
-8.00
-4.00
3.00
8.00
8.00
5.00
5.00
999999
-128.00
-128.00
-117.00
-147.00
-157.00
-136.00
-113.00
-90.00
-67.00
-59.00
-50.00
-32.00
-19.00
-7.00
5.00
7.00
11.00
11.00
999999
-64.00
-64.00
-64.00
-85.00
-100.00
-91.00
-79.00
-68.00
-40.00
-9.00
10.00
31.00
46.00
41.00
37.00
36.00
37.00
21.00
14.00
1.00
999999
-150.00
-106.00
-106.00
-128.00
-100.00
-71.00
-41.00
2.00
27.00
49.00
52.00
56.00
58.00
61.00
47.00
50.00
25.00
4.00
9.00
999999
-122.00
-122.00
-127.00
-121.00
-117.00
-103.00
-87.00
-54.00
-19.00
0.00
2.00
19.00
22.00
26.00
36.00
30.00
26.00
26.00
13.00
7.00
-1.00
999999
-97.00
-97.00
-89.00
-99.00
-84.00
-62.00
-43.00
-9.00
18.00
39.00
55.00
56.00
58.00
67.00
70.00
68.00
65.00
57.00
55.00
999999
48.00
48.00
48.00
52.00
37.00
58.00
49.00
27.00
15.00
1.00
-3.00
-19.00
-34.00
-56.00
-68.00
-55.00
-64.00
-51.00
-38.00
-36.00
999999
-124.00
-124.00
-124.00
-112.00
-95.00
-75.00
-40.00
10.00
41.00
60.00
67.00
74.00
80.00
97.00
102.00
108.00
106.00
89.00
64.00
999999
-37.00
-37.00
-37.00
-21.00
5.00
46.00
69.00
105.00
120.00
127.00
112.00
92.00
83.00
70.00
65.00
51.00
34.00
22.00
0.00
999999
-75.00
-75.00
-65.00
-55.00
-21.00
18.00
32.00
42.00
57.00
52.00
55.00
49.00
52.00
43.00
40.00
30.00
21.00
2.00
999999
-61.00
-61.00
-48.00
-70.00
-73.00
-86.00
-87.00
-61.00
-45.00
-11.00
15.00
20.00
22.00
11.00
1.00
3.00
7.00
13.00
34.00
57.00
49.00
31.00
20.00
999999
-78.00
-78.00
-78.00
-65.00
-34.00
-10.00
18.00
43.00
66.00
91.00
95.00
94.00
91.00
93.00
95.00
86.00
74.00
72.00
62.00
999999
-32.00
-21.00
-21.00
-57.00
-54.00
-27.00
-1.00
32.00
35.00
48.00
65.00
56.00
61.00
71.00
69.00
96.00
94.00
71.00
61.00
35.00
-6.00
999999
98.00
98.00
98.00
93.00
95.00
94.00
88.00
68.00
57.00
35.00
8.00
-10.00
-32.00
-43.00
-47.00
-44.00
-35.00
999999
-17.00
-17.00
-21.00
-25.00
-11.00
-7.00
29.00
64.00
108.00
135.00
141.00
135.00
123.00
114.00
104.00
88.00
66.00
47.00
36.00
6.00
999999
-7.00
-7.00
-7.00
-2.00
29.00
55.00
82.00
105.00
116.00
122.00
117.00
113.00
105.00
90.00
79.00
61.00
35.00
7.00
5.00
-8.00
999999
0.00
12.00
12.00
-10.00
2.00
12.00
50.00
76.00
94.00
118.00
117.00
115.00
105.00
95.00
89.00
80.00
67.00
34.00
999999
-89.00
-89.00
-89.00
-85.00
-112.00
-77.00
-63.00
-37.00
-6.00
18.00
28.00
41.00
46.00
36.00
42.00
34.00
41.00
38.00
37.00
49.00
999999
60.00
60.00
60.00
60.00
63.00
53.00
37.00
42.00
19.00
4.00
-11.00
-26.00
-40.00
-47.00
-35.00
-42.00
-28.00
-22.00
-40.00
999999
-78.00
-78.00
-78.00
-99.00
-81.00
-75.00
-48.00
-25.00
8.00
41.00
65.00
71.00
70.00
67.00
74.00
77.00
88.00
110.00
91.00
999999
-77.00
-37.00
-37.00
-36.00
-10.00
54.00
67.00
74.00
62.00
54.00
39.00
40.00
31.00
26.00
18.00
10.00
12.00
15.00
999999
-43.00
-43.00
-47.00
-35.00
-21.00
0.00
24.00
37.00
52.00
57.00
71.00
75.00
81.00
79.00
66.00
49.00
47.00
47.00
999999
-16.00
-18.00
-18.00
-42.00
-47.00
-40.00
-18.00
13.00
43.00
63.00
72.00
85.00
83.00
81.00
75.00
75.00
87.00
79.00
70.00
999999
-73.00
-73.00
-94.00
-89.00
-82.00
-66.00
-37.00
-16.00
-2.00
11.00
25.00
24.00
25.00
32.00
38.00
38.00
40.00
45.00
51.00
59.00
45.00
999999
-75.00
-75.00
-75.00
-78.00
-61.00
-26.00
11.00
33.00
39.00
47.00
34.00
30.00
44.00
44.00
54.00
59.00
54.00
50.00
46.00
38.00
999999
-18.00
-18.00
-18.00
-19.00
-7.00
1.00
32.00
57.00
60.00
76.00
78.00
82.00
80.00
72.00
69.00
61.00
59.00
44.00
16.00
16.00
999999
-59.00
-59.00
-59.00
-63.00
-80.00
-65.00
-53.00
-48.00
-17.00
9.00
37.00
48.00
48.00
54.00
54.00
54.00
59.00
54.00
49.00
48.00
38.00
999999
-69.00
-69.00
-69.00
-76.00
-62.00
-38.00
-14.00
18.00
33.00
34.00
46.00
46.00
44.00
50.00
59.00
64.00
63.00
63.00
60.00
999999
-39.00
-39.00
-32.00
-25.00
-12.00
0.00
24.00
40.00
46.00
56.00
42.00
40.00
50.00
62.00
79.00
108.00
107.00
89.00
86.00
93.00
80.00
999999
-38.00
-38.00
-38.00
-49.00
-14.00
36.00
55.00
66.00
83.00
83.00
101.00
107.00
98.00
62.00
63.00
58.00
35.00
26.00
999999
69.00
69.00
69.00
74.00
89.00
84.00
84.00
93.00
80.00
65.00
55.00
27.00
15.00
8.00
9.00
10.00
11.00
999999
-106.00
-106.00
-106.00
-116.00
-101.00
-77.00
-61.00
-37.00
-11.00
8.00
23.00
36.00
37.00
35.00
30.00
34.00
47.00
38.00
999999
-82.00
-82.00
-77.00
-89.00
-78.00
-58.00
-41.00
-16.00
-1.00
5.00
16.00
17.00
19.00
25.00
38.00
44.00
51.00
64.00
999999
-60.00
-60.00
-67.00
-60.00
-64.00
-51.00
-31.00
-9.00
2.00
29.00
38.00
45.00
46.00
34.00
35.00
36.00
46.00
46.00
34.00
999999
-94.00
-94.00
-102.00
-102.00
-74.00
-56.00
-41.00
-23.00
-2.00
14.00
22.00
39.00
38.00
33.00
34.00
30.00
24.00
26.00
22.00
32.00
25.00
9.00
999999
-66.00
-64.00
-64.00
-63.00
-67.00
-54.00
-48.00
-28.00
13.00
38.00
70.00
95.00
102.00
87.00
87.00
81.00
79.00
69.00
66.00
63.00
29.00
23.00
999999
-94.00
-94.00
-94.00
-117.00
-118.00
-95.00
-79.00
-46.00
-27.00
3.00
26.00
34.00
38.00
36.00
27.00
14.00
0.00
-6.00
1.00
-8.00
-19.00
2.00
12.00
999999
-96.00
-96.00
-94.00
-79.00
-75.00
-57.00
-41.00
-23.00
-14.00
1.00
14.00
21.00
18.00
20.00
22.00
10.00
27.00
26.00
11.00
999999
-127.00
-122.00
-122.00
-109.00
-102.00
-58.00
-35.00
-3.00
20.00
30.00
27.00
24.00
18.00
18.00
28.00
25.00
23.00
37.00
44.00
999999
-131.00
-131.00
-149.00
-148.00
-129.00
-127.00
-101.00
-72.00
-56.00
-34.00
-36.00
-43.00
-47.00
-53.00
-48.00
-56.00
-90.00
999999
-170.00
-170.00
-177.00
-196.00
-188.00
-162.00
-134.00
-107.00
-82.00
-57.00
-49.00
-46.00
-58.00
-61.00
-73.00
-67.00
-61.00
-59.00
-54.00
999999
-171.00
-171.00
-171.00
-174.00
-171.00
-173.00
-160.00
-141.00
-121.00
-109.00
-91.00
-89.00
-87.00
-79.00
-76.00
-79.00
-62.00
-47.00
-48.00
999999
-66.00
-66.00
-66.00
-74.00
-81.00
-91.00
-94.00
-94.00
-90.00
-92.00
-87.00
-82.00
-102.00
-116.00
-113.00
-110.00
-129.00
999999
-150.00
-150.00
-150.00
-166.00
-196.00
-207.00
-213.00
-190.00
-168.00
-138.00
-116.00
-94.00
-92.00
-94.00
-95.00
-85.00
-69.00
-53.00
-37.00
-36.00
-38.00
999999
-169.00
-161.00
-161.00
-200.00
-200.00
-190.00
-179.00
-159.00
-137.00
-119.00
-102.00
-86.00
-88.00
-95.00
-92.00
-90.00
-71.00
-62.00
-55.00
999999
-114.00
-123.00
-123.00
-155.00
-178.00
-176.00
-151.00
-128.00
-96.00
-74.00
-64.00
-54.00
-48.00
-36.00
-34.00
-38.00
-37.00
-29.00
-24.00
-28.00
999999
-47.00
-47.00
-47.00
-43.00
-40.00
-46.00
-55.00
-62.00
-70.00
-81.00
-92.00
-102.00
-112.00
-127.00
-119.00
-126.00
-126.00
999999
-164.00
-164.00
-164.00
-191.00
-199.00
-191.00
-168.00
-143.00
-129.00
-117.00
-103.00
-101.00
-91.00
-86.00
-81.00
-75.00
-77.00
-68.00
999999
-181.00
-181.00
-181.00
-160.00
-136.00
-121.00
-110.00
-96.00
-89.00
-83.00
-82.00
-86.00
-99.00
-95.00
-82.00
-66.00
-61.00
999999
-147.00
-147.00
-126.00
-158.00
-189.00
-188.00
-163.00
-145.00
-116.00
-93.00
-80.00
-69.00
-66.00
-63.00
-65.00
-55.00
-47.00
-41.00
-58.00
999999
-192.00
-221.00
-221.00
-182.00
-161.00
-139.00
-115.00
-78.00
-55.00
-44.00
-54.00
-63.00
-71.00
-64.00
-63.00
-46.00
-44.00
-59.00
999999
-166.00
-166.00
-170.00
-178.00
-186.00
-175.00
-162.00
-144.00
-120.00
-98.00
-93.00
-84.00
-86.00
-75.00
-63.00
-67.00
-58.00
-53.00
-57.00
-72.00
999999
-159.00
-159.00
-159.00
-148.00
-148.00
-159.00
-172.00
-177.00
-160.00
-132.00
-103.00
-69.00
-63.00
-61.00
-57.00
-62.00
-54.00
-46.00
-63.00
999999
-147.00
-147.00
-154.00
-164.00
-191.00
-173.00
-152.00
-133.00
-115.00
-90.00
-65.00
-62.00
-64.00
-68.00
-71.00
-66.00
-68.00
-65.00
-59.00
-47.00
-51.00
999999
-193.00
-193.00
-193.00
-219.00
-207.00
-194.00
-158.00
-126.00
-88.00
-78.00
-76.00
-82.00
-91.00
-93.00
-83.00
-63.00
-58.00
-51.00
999999
-190.00
-190.00
-190.00
-192.00
-182.00
-162.00
-139.00
-101.00
-79.00
-65.00
-66.00
-65.00
-69.00
-78.00
-82.00
-80.00
-67.00
-63.00
999999
-147.00
-147.00
-162.00
-180.00
-183.00
-186.00
-156.00
-134.00
-108.00
-85.00
-84.00
-86.00
-88.00
-96.00
-93.00
-90.00
-81.00
-63.00
-48.00
999999
-185.00
-185.00
-185.00
-215.00
-229.00
-205.00
-172.00
-139.00
-112.00
-89.00
-82.00
-82.00
-72.00
-70.00
-63.00
-51.00
-49.00
-45.00
999999
-154.00
-156.00
-156.00
-172.00
-178.00
-185.00
-164.00
-146.00
-125.00
-99.00
-77.00
-70.00
-64.00
-72.00
-82.00
-84.00
-98.00
-86.00
-72.00
-65.00
-53.00
-46.00
999999
-170.00
-170.00
-172.00
-170.00
-153.00
-137.00
-123.00
-113.00
-98.00
-89.00
-84.00
-88.00
-92.00
-101.00
-109.00
-107.00
-98.00
-82.00
-82.00
999999
-104.00
-104.00
-104.00
-81.00
-70.00
-66.00
-63.00
-62.00
-66.00
-72.00
-75.00
-83.00
-90.00
-99.00
-97.00
-86.00
-77.00
-60.00
-61.00
-58.00
999999
-154.00
-154.00
-165.00
-187.00
-215.00
-213.00
-194.00
-166.00
-129.00
-99.00
-77.00
-65.00
-67.00
-80.00
-92.00
-98.00
-79.00
-68.00
-47.00
999999
-137.00
-148.00
-148.00
-142.00
-151.00
-155.00
-157.00
-139.00
-116.00
-93.00
-75.00
-72.00
-71.00
-83.00
-94.00
-98.00
-98.00
-92.00
-77.00
-71.00
999999
-216.00
-230.00
-230.00
-222.00
-196.00
-175.00
-133.00
-106.00
-84.00
-71.00
-64.00
-62.00
-64.00
-69.00
-69.00
-69.00
-63.00
-66.00
-62.00
-54.00
999999
-168.00
-168.00
-168.00
-188.00
-199.00
-193.00
-194.00
-185.00
-168.00
-133.00
-119.00
-103.00
-100.00
-94.00
-95.00
-84.00
-79.00
-72.00
-66.00
-52.00
-59.00
999999
-167.00
-167.00
-167.00
-163.00
-151.00
-137.00
-109.00
-82.00
-72.00
-58.00
-56.00
-53.00
-57.00
-67.00
-70.00
-66.00
-70.00
-64.00
-58.00
-57.00
-63.00
999999
-184.00
-184.00
-193.00
-181.00
-158.00
-120.00
-80.00
-52.00
-30.00
-21.00
-26.00
-33.00
-42.00
-47.00
-50.00
-49.00
-53.00
-48.00
-40.00
-38.00
999999
-162.00
-160.00
-160.00
-177.00
-180.00
-177.00
-149.00
-129.00
-116.00
-114.00
-103.00
-105.00
-99.00
-107.00
-106.00
-106.00
-104.00
-95.00
-85.00
-96.00
999999
-94.00
-94.00
-94.00
-101.00
-88.00
-70.00
-42.00
-22.00
-3.00
2.00
0.00
-9.00
-14.00
-19.00
-16.00
-10.00
-10.00
-13.00
-16.00
999999
-142.00
-142.00
-142.00
-152.00
-141.00
-126.00
-97.00
-69.00
-39.00
-20.00
-8.00
-13.00
-14.00
-26.00
-29.00
-30.00
-29.00
-36.00
999999
-129.00
-129.00
-129.00
-106.00
-95.00
-78.00
-62.00
-35.00
-20.00
-9.00
-14.00
-17.00
-30.00
-40.00
-40.00
-31.00
-30.00
-21.00
999999
-134.00
-132.00
-132.00
-150.00
-170.00
-159.00
-133.00
-100.00
-76.00
-53.00
-46.00
-54.00
-56.00
-55.00
-63.00
-62.00
-60.00
-63.00
-56.00
999999
-124.00
-116.00
-116.00
-140.00
-159.00
-176.00
-148.00
-130.00
-105.00
-79.00
-64.00
-47.00
-45.00
-44.00
-58.00
-66.00
-67.00
-66.00
-66.00
-65.00
-64.00
999999
-147.00
-130.00
-130.00
-159.00
-161.00
-162.00
-153.00
-147.00
-124.00
-107.00
-92.00
-85.00
-88.00
-88.00
-86.00
-95.00
-91.00
-91.00
-82.00
-69.00
-66.00
999999
-164.00
-165.00
-165.00
-166.00
-172.00
-163.00
-141.00
-127.00
-109.00
-83.00
-80.00
-74.00
-76.00
-82.00
-95.00
-92.00
-86.00
-77.00
-65.00
999999
-172.00
-172.00
-172.00
-169.00
-167.00
-173.00
-161.00
-147.00
-125.00
-93.00
-85.00
-76.00
-71.00
-72.00
-80.00
-82.00
-82.00
-81.00
-64.00
-54.00
-59.00
999999
-106.00
-106.00
-106.00
-136.00
-150.00
-148.00
-137.00
-126.00
-99.00
-71.00
-53.00
-38.00
-37.00
-41.00
-38.00
-35.00
-45.00
-48.00
-48.00
-44.00
-37.00
999999
