-216.00
-218.00
-218.00
-233.00
-249.00
-255.00
-195.00
-238.00
-219.00
-251.00
-271.00
-309.00
-298.00
-301.00
-299.00
-318.00
-282.00
999999
-219.00
-219.00
-210.00
-218.00
-258.00
-228.00
-204.00
-223.00
-255.00
-267.00
-299.00
-324.00
-345.00
-318.00
-333.00
-305.00
-290.00
-298.00
-311.00
-307.00
-277.00
-255.00
-258.00
999999
-7.00
-7.00
-7.00
19.00
-26.00
-27.00
-138.00
-208.00
-202.00
-195.00
-277.00
-276.00
-286.00
-280.00
-312.00
-295.00
-292.00
-263.00
-275.00
-284.00
-210.00
999999
-229.00
-220.00
-220.00
-227.00
-310.00
-329.00
-314.00
-332.00
-335.00
-302.00
-248.00
-179.00
-288.00
-247.00
-181.00
-175.00
-180.00
-198.00
-179.00
-173.00
-175.00
999999
-197.00
-197.00
-197.00
-206.00
-234.00
-252.00
-316.00
-333.00
-349.00
-353.00
-356.00
-279.00
-330.00
-353.00
-267.00
-247.00
-188.00
-159.00
-161.00
-154.00
999999
-201.00
-201.00
-201.00
-156.00
-124.00
-106.00
-124.00
-81.00
-83.00
-114.00
-161.00
-256.00
-274.00
-271.00
-309.00
-327.00
-327.00
-329.00
-336.00
-298.00
-288.00
-261.00
999999
-9.00
-9.00
-9.00
12.00
55.00
84.00
127.00
153.00
113.00
87.00
66.00
48.00
25.00
-8.00
-17.00
-42.00
-74.00
-104.00
-95.00
-142.00
-129.00
-167.00
999999
76.00
76.00
76.00
110.00
147.00
169.00
187.00
167.00
130.00
130.00
49.00
35.00
10.00
-54.00
-86.00
-91.00
-143.00
-166.00
-124.00
-119.00
999999
31.00
31.00
5.00
25.00
17.00
72.00
117.00
195.00
143.00
130.00
132.00
91.00
73.00
85.00
64.00
-16.00
-29.00
-69.00
-173.00
-145.00
-130.00
999999
-208.00
-200.00
-200.00
-196.00
-150.00
-191.00
-256.00
-255.00
-253.00
-265.00
-302.00
-319.00
-280.00
-315.00
-290.00
-357.00
-272.00
-300.00
-324.00
-275.00
999999
-80.00
-80.00
-90.00
-62.00
-18.00
-14.00
4.00
6.00
-3.00
-11.00
-49.00
-95.00
-103.00
-126.00
-137.00
-157.00
-184.00
-226.00
-216.00
-202.00
-248.00
-234.00
-212.00
999999
-35.00
-35.00
-35.00
-13.00
57.00
93.00
124.00
186.00
130.00
96.00
44.00
-15.00
-47.00
-92.00
-183.00
-195.00
-280.00
-244.00
-239.00
-175.00
999999
-58.00
-65.00
-65.00
-34.00
8.00
5.00
5.00
-40.00
-113.00
-210.00
-234.00
-226.00
-246.00
-245.00
-194.00
-170.00
-148.00
-152.00
-142.00
-120.00
999999
-72.00
-72.00
-72.00
-69.00
-115.00
-115.00
-112.00
-118.00
-165.00
-197.00
-221.00
-230.00
-239.00
-222.00
-213.00
-188.00
-192.00
-189.00
-144.00
-147.00
-163.00
999999
-236.00
-236.00
-247.00
-229.00
-234.00
-238.00
-251.00
-256.00
-253.00
-295.00
-252.00
-312.00
-266.00
-290.00
-271.00
-307.00
-267.00
-270.00
-273.00
-257.00
-203.00
999999
-231.00
-231.00
-231.00
-223.00
-257.00
-273.00
-252.00
-203.00
-271.00
-260.00
-249.00
-319.00
-265.00
-265.00
-255.00
-263.00
-305.00
-244.00
-279.00
-253.00
-240.00
-248.00
999999
-260.00
-260.00
-262.00
-275.00
-249.00
-237.00
-286.00
-316.00
-309.00
-302.00
-314.00
-281.00
-278.00
-275.00
-265.00
-230.00
-207.00
-214.00
-216.00
-186.00
-194.00
-216.00
-210.00
-205.00
999999
135.00
135.00
135.00
154.00
178.00
200.00
157.00
154.00
115.00
57.00
68.00
-2.00
-35.00
-64.00
-99.00
-106.00
-134.00
-146.00
-119.00
-84.00
-78.00
999999
-65.00
-80.00
-80.00
-95.00
-117.00
-91.00
-58.00
-74.00
-116.00
-128.00
-127.00
-151.00
-134.00
-104.00
-96.00
-54.00
-79.00
-57.00
-21.00
-60.00
-34.00
-55.00
999999
18.00
18.00
18.00
-8.00
-46.00
-7.00
10.00
-1.00
-35.00
-112.00
-171.00
-210.00
-182.00
-169.00
-161.00
-162.00
-145.00
-142.00
-73.00
-118.00
-54.00
999999
-210.00
-210.00
-199.00
-185.00
-229.00
-311.00
-353.00
-330.00
-287.00
-271.00
-294.00
-284.00
-264.00
-244.00
-183.00
-198.00
-194.00
-194.00
-162.00
-168.00
-189.00
999999
-111.00
-111.00
-111.00
-82.00
-29.00
2.00
-16.00
-50.00
-104.00
-140.00
-164.00
-204.00
-248.00
-257.00
-283.00
-287.00
-313.00
-299.00
-280.00
-301.00
-264.00
999999
-220.00
-220.00
-223.00
-195.00
-198.00
-167.00
-211.00
-271.00
-309.00
-289.00
-282.00
-312.00
-303.00
-318.00
-281.00
-267.00
-262.00
-241.00
-217.00
-237.00
-227.00
-228.00
999999
116.00
116.00
120.00
152.00
180.00
202.00
209.00
186.00
139.00
113.00
70.00
29.00
6.00
-26.00
-36.00
-60.00
-91.00
-83.00
-103.00
-89.00
999999
205.00
205.00
205.00
268.00
314.00
314.00
302.00
304.00
296.00
264.00
226.00
268.00
208.00
199.00
247.00
184.00
183.00
165.00
174.00
170.00
177.00
999999
194.00
194.00
194.00
188.00
179.00
184.00
233.00
195.00
261.00
271.00
242.00
239.00
216.00
191.00
187.00
141.00
189.00
173.00
155.00
999999
160.00
160.00
109.00
177.00
183.00
145.00
202.00
196.00
256.00
264.00
252.00
300.00
282.00
297.00
246.00
233.00
214.00
238.00
245.00
999999
187.00
187.00
187.00
198.00
208.00
262.00
289.00
313.00
316.00
299.00
289.00
271.00
259.00
293.00
246.00
173.00
162.00
125.00
110.00
106.00
115.00
113.00
999999
192.00
192.00
192.00
192.00
212.00
230.00
262.00
293.00
316.00
320.00
282.00
329.00
278.00
233.00
228.00
154.00
136.00
142.00
999999
196.00
196.00
189.00
193.00
210.00
241.00
291.00
320.00
316.00
317.00
315.00
292.00
318.00
274.00
217.00
178.00
204.00
146.00
115.00
123.00
999999
133.00
133.00
133.00
164.00
154.00
159.00
151.00
147.00
127.00
97.00
80.00
5.00
-44.00
-72.00
-104.00
-146.00
-168.00
-211.00
-209.00
-213.00
999999
228.00
228.00
228.00
230.00
265.00
299.00
312.00
316.00
335.00
345.00
294.00
288.00
277.00
268.00
249.00
249.00
217.00
181.00
179.00
118.00
121.00
111.00
999999
261.00
261.00
253.00
272.00
346.00
391.00
393.00
367.00
331.00
308.00
290.00
209.00
171.00
120.00
117.00
100.00
102.00
112.00
128.00
999999
226.00
226.00
226.00
218.00
225.00
283.00
305.00
324.00
368.00
291.00
342.00
324.00
226.00
266.00
298.00
216.00
265.00
254.00
225.00
237.00
250.00
999999
239.00
239.00
249.00
291.00
335.00
347.00
344.00
341.00
271.00
315.00
302.00
229.00
183.00
183.00
202.00
182.00
156.00
183.00
999999
74.00
74.00
74.00
127.00
144.00
167.00
160.00
145.00
140.00
96.00
52.00
45.00
5.00
-38.00
-87.00
-59.00
-96.00
-118.00
-123.00
999999
167.00
161.00
161.00
137.00
142.00
170.00
125.00
110.00
124.00
68.00
13.00
19.00
6.00
-37.00
-92.00
-103.00
-111.00
-142.00
-152.00
999999
0.00
0.00
-8.00
16.00
30.00
82.00
122.00
131.00
119.00
89.00
29.00
57.00
6.00
-22.00
-56.00
5.00
-80.00
-75.00
-67.00
-74.00
-91.00
-66.00
-83.00
-104.00
999999
-69.00
-69.00
-62.00
-59.00
-49.00
-47.00
-98.00
-92.00
-130.00
-147.00
-206.00
-249.00
-237.00
-254.00
-298.00
-273.00
-304.00
-359.00
-337.00
-317.00
-278.00
999999
165.00
174.00
174.00
178.00
208.00
262.00
339.00
344.00
346.00
335.00
326.00
291.00
245.00
199.00
203.00
170.00
167.00
184.00
999999
198.00
198.00
198.00
187.00
194.00
233.00
270.00
282.00
305.00
294.00
292.00
277.00
262.00
226.00
197.00
197.00
159.00
131.00
144.00
999999
277.00
277.00
277.00
275.00
302.00
285.00
309.00
310.00
295.00
318.00
299.00
274.00
273.00
258.00
263.00
279.00
259.00
248.00
251.00
258.00
238.00
241.00
257.00
999999
-255.00
-250.00
-250.00
-252.00
-234.00
-222.00
-246.00
-253.00
-266.00
-267.00
-297.00
-279.00
-256.00
-275.00
-279.00
-271.00
-279.00
-281.00
-277.00
-289.00
-270.00
-275.00
-269.00
-282.00
999999
-277.00
-277.00
-271.00
-237.00
-227.00
-256.00
-283.00
-254.00
-288.00
-282.00
-299.00
-298.00
-266.00
-291.00
-287.00
-316.00
-263.00
-272.00
-257.00
-275.00
-256.00
-264.00
-241.00
999999
-246.00
-241.00
-241.00
-236.00
-248.00
-224.00
-281.00
-274.00
-296.00
-257.00
-296.00
-288.00
-226.00
-276.00
-281.00
-245.00
-278.00
-261.00
-274.00
-282.00
-284.00
-262.00
-255.00
999999
-247.00
-247.00
-271.00
-277.00
-287.00
-301.00
-291.00
-285.00
-272.00
-245.00
-276.00
-232.00
-252.00
-273.00
-242.00
-279.00
-271.00
-255.00
-283.00
-279.00
-270.00
-271.00
-283.00
999999
-242.00
-242.00
-242.00
-239.00
-230.00
-236.00
-255.00
-280.00
-281.00
-283.00
-250.00
-313.00
-241.00
-250.00
-283.00
-292.00
-255.00
-268.00
-295.00
-262.00
-267.00
-261.00
-294.00
999999
278.00
278.00
275.00
277.00
289.00
297.00
291.00
312.00
321.00
297.00
313.00
319.00
312.00
280.00
282.00
274.00
269.00
244.00
269.00
269.00
230.00
275.00
248.00
240.00
999999
267.00
267.00
283.00
274.00
280.00
268.00
292.00
294.00
287.00
304.00
319.00
261.00
317.00
306.00
270.00
287.00
283.00
289.00
255.00
269.00
258.00
228.00
250.00
257.00
258.00
999999
317.00
317.00
317.00
280.00
308.00
307.00
257.00
246.00
275.00
253.00
256.00
243.00
265.00
255.00
237.00
280.00
267.00
253.00
241.00
258.00
999999
-270.00
-270.00
-270.00
-256.00
-244.00
-251.00
-282.00
-280.00
-288.00
-248.00
-254.00
-312.00
-306.00
-290.00
-329.00
-300.00
-271.00
-288.00
-271.00
999999
66.00
66.00
66.00
76.00
121.00
150.00
194.00
175.00
186.00
140.00
52.00
91.00
-20.00
-1.00
36.00
-3.00
-83.00
-20.00
-97.00
-91.00
-48.00
-59.00
999999
65.00
65.00
76.00
82.00
113.00
179.00
199.00
236.00
201.00
154.00
157.00
96.00
35.00
10.00
-71.00
9.00
-115.00
-58.00
-22.00
-87.00
-76.00
999999
255.00
263.00
263.00
253.00
257.00
266.00
290.00
297.00
298.00
312.00
318.00
323.00
299.00
286.00
290.00
291.00
254.00
230.00
218.00
202.00
198.00
215.00
999999
-152.00
-152.00
-126.00
-132.00
-105.00
-82.00
-111.00
-77.00
-130.00
-142.00
-154.00
-185.00
-201.00
-162.00
-220.00
-230.00
-197.00
-194.00
-242.00
-255.00
-233.00
-252.00
999999
174.00
174.00
174.00
164.00
178.00
196.00
238.00
272.00
301.00
304.00
304.00
254.00
227.00
184.00
164.00
130.00
124.00
135.00
113.00
118.00
108.00
112.00
117.00
999999
312.00
312.00
312.00
329.00
319.00
321.00
276.00
235.00
209.00
179.00
130.00
122.00
105.00
108.00
94.00
112.00
108.00
99.00
101.00
96.00
999999
215.00
215.00
202.00
247.00
275.00
286.00
297.00
273.00
239.00
238.00
192.00
160.00
131.00
115.00
76.00
89.00
83.00
82.00
999999
-220.00
-216.00
-216.00
-214.00
-245.00
-257.00
-305.00
-241.00
-277.00
-265.00
-244.00
-289.00
-261.00
-286.00
-293.00
-303.00
-286.00
-297.00
999999
71.00
71.00
87.00
109.00
134.00
153.00
147.00
137.00
95.00
84.00
49.00
43.00
19.00
1.00
-60.00
-48.00
-97.00
-92.00
999999
180.00
179.00
179.00
187.00
212.00
254.00
284.00
305.00
315.00
312.00
308.00
271.00
230.00
193.00
191.00
144.00
108.00
121.00
90.00
69.00
999999
-69.00
-69.00
-55.00
-9.00
14.00
12.00
3.00
-100.00
-138.00
-242.00
-295.00
-261.00
-284.00
-330.00
-270.00
-262.00
-242.00
-259.00
-274.00
999999
-203.00
-167.00
-167.00
-232.00
-228.00
-266.00
-298.00
-283.00
-285.00
-283.00
-263.00
-263.00
-297.00
-305.00
-324.00
-308.00
-290.00
999999
-84.00
-84.00
-83.00
-59.00
-30.00
-141.00
-169.00
-259.00
-255.00
-278.00
-299.00
-296.00
-290.00
-320.00
-304.00
-326.00
-312.00
-276.00
-287.00
999999
-68.00
-68.00
-68.00
-91.00
-146.00
-197.00
-211.00
-225.00
-257.00
-257.00
-171.00
-145.00
-141.00
-120.00
-129.00
999999
55.00
110.00
110.00
68.00
136.00
149.00
202.00
160.00
146.00
105.00
41.00
8.00
-41.00
-122.00
-144.00
-224.00
-243.00
-306.00
-335.00
-270.00
999999
-56.00
-56.00
-56.00
0.00
-32.00
-52.00
-55.00
-75.00
-130.00
-194.00
-233.00
-292.00
-308.00
-321.00
-304.00
-301.00
-340.00
-324.00
-309.00
999999
-154.00
-150.00
-150.00
-84.00
-104.00
-153.00
-217.00
-201.00
-218.00
-241.00
-262.00
-313.00
-324.00
-316.00
-297.00
-325.00
-324.00
-341.00
-322.00
-328.00
999999
-253.00
-253.00
-253.00
-290.00
-326.00
-329.00
-337.00
-345.00
-326.00
-324.00
-297.00
-275.00
-264.00
-252.00
999999
-114.00
-114.00
-114.00
-171.00
-126.00
-270.00
-255.00
-214.00
-247.00
-265.00
-277.00
-337.00
-323.00
-325.00
-362.00
-341.00
-321.00
999999
-48.00
-32.00
-32.00
5.00
57.00
-43.00
-131.00
-188.00
-267.00
-276.00
-330.00
-326.00
-322.00
-328.00
-320.00
-287.00
-269.00
999999
-287.00
-287.00
-287.00
-303.00
-300.00
-303.00
-291.00
-312.00
-339.00
-305.00
-293.00
-320.00
-293.00
-274.00
-200.00
-179.00
-142.00
999999
14.00
14.00
14.00
46.00
147.00
217.00
59.00
-34.00
65.00
-193.00
-190.00
-240.00
-296.00
-343.00
-340.00
-355.00
999999
-114.00
-91.00
-91.00
-126.00
-159.00
-196.00
-248.00
-236.00
-242.00
-252.00
-281.00
-297.00
-305.00
-328.00
-319.00
-310.00
-337.00
-278.00
-287.00
999999
-186.00
-186.00
-220.00
-269.00
-265.00
-224.00
-283.00
-310.00
-266.00
-268.00
-287.00
-309.00
-311.00
-327.00
-338.00
-295.00
-320.00
-278.00
-257.00
999999
-97.00
-97.00
-97.00
-16.00
23.00
57.00
-9.00
-41.00
-64.00
-123.00
-137.00
-174.00
-240.00
-242.00
-282.00
-340.00
-345.00
-378.00
999999
-186.00
-186.00
-186.00
-189.00
-204.00
-222.00
-246.00
-251.00
-221.00
-268.00
-287.00
-285.00
-308.00
-299.00
-275.00
-288.00
-273.00
-266.00
-273.00
999999
-178.00
-156.00
-156.00
-133.00
-140.00
-142.00
-176.00
-179.00
-248.00
-226.00
-270.00
-277.00
-308.00
-301.00
-319.00
-312.00
-320.00
-300.00
-328.00
-344.00
999999
-154.00
-160.00
-160.00
-122.00
-128.00
-130.00
-169.00
-182.00
-208.00
-248.00
-395.00
-227.00
-284.00
-339.00
-318.00
-252.00
-263.00
-184.00
-212.00
-294.00
-209.00
-229.00
-255.00
-262.00
-229.00
999999
75.00
75.00
50.00
79.00
235.00
251.00
218.00
148.00
85.00
42.00
-9.00
-31.00
-81.00
-148.00
-211.00
-259.00
-327.00
-315.00
999999
-55.00
-34.00
-34.00
-81.00
-89.00
-155.00
-186.00
-207.00
-211.00
-209.00
-251.00
-273.00
-269.00
-299.00
-338.00
-375.00
-360.00
999999
-183.00
-131.00
-131.00
-160.00
-230.00
-307.00
-280.00
-251.00
-222.00
-259.00
-246.00
-273.00
-337.00
-305.00
-353.00
-309.00
-297.00
999999
-68.00
-68.00
-68.00
-6.00
1.00
-69.00
-110.00
-83.00
-139.00
-152.00
-248.00
-258.00
-248.00
-264.00
-298.00
-269.00
-301.00
-333.00
-334.00
999999
-144.00
-144.00
-136.00
-134.00
-164.00
-214.00
-250.00
-243.00
-254.00
-264.00
-307.00
-298.00
-312.00
-336.00
-339.00
-366.00
-375.00
999999
-152.00
-152.00
-152.00
-127.00
-153.00
-166.00
-224.00
-300.00
-308.00
-283.00
-317.00
-297.00
-319.00
-303.00
-324.00
-341.00
-289.00
-273.00
-259.00
999999
-202.00
-192.00
-192.00
-256.00
-320.00
-361.00
-406.00
-390.00
-339.00
-346.00
-326.00
-287.00
-262.00
-260.00
-208.00
-246.00
-232.00
-148.00
-93.00
999999
-155.00
-155.00
-157.00
-154.00
-140.00
-200.00
-195.00
-233.00
-214.00
-252.00
-229.00
-257.00
-266.00
-256.00
-289.00
-316.00
-344.00
-368.00
-265.00
999999
-145.00
-156.00
-156.00
-118.00
-38.00
-29.00
-116.00
-239.00
-309.00
-362.00
-381.00
-341.00
-315.00
-337.00
-314.00
-318.00
-276.00
-283.00
999999
24.00
67.00
67.00
144.00
267.00
287.00
208.00
102.00
-22.00
-108.00
-269.00
-265.00
-279.00
-381.00
-412.00
-313.00
-273.00
999999
5.00
5.00
5.00
40.00
217.00
260.00
254.00
208.00
120.00
37.00
-51.00
-121.00
-238.00
-296.00
-357.00
-328.00
-318.00
-306.00
999999
10.00
-12.00
-12.00
-3.00
-87.00
17.00
14.00
68.00
61.00
48.00
-10.00
-61.00
-140.00
-183.00
-279.00
-319.00
-352.00
-383.00
-344.00
-365.00
999999
24.00
24.00
24.00
61.00
97.00
117.00
74.00
-7.00
-128.00
-182.00
-190.00
-314.00
-314.00
-302.00
-366.00
-399.00
-266.00
-264.00
999999
-163.00
-163.00
-163.00
-10.00
-62.00
-117.00
-126.00
-155.00
-167.00
-249.00
-303.00
-331.00
-297.00
-330.00
-288.00
-283.00
-315.00
-265.00
-250.00
-233.00
999999
109.00
109.00
151.00
158.00
203.00
239.00
147.00
91.00
5.00
-45.00
-106.00
-148.00
-196.00
-207.00
-253.00
-329.00
-293.00
999999
-193.00
-193.00
-249.00
-244.00
-267.00
-338.00
-376.00
-401.00
-304.00
-272.00
-178.00
-162.00
-76.00
-36.00
4.00
64.00
103.00
93.00
999999
-152.00
-152.00
-152.00
-219.00
-153.00
-87.00
-222.00
-251.00
-235.00
-277.00
-325.00
-368.00
-312.00
-353.00
-370.00
-296.00
-287.00
-248.00
-247.00
999999
217.00
217.00
181.00
198.00
220.00
183.00
164.00
82.00
63.00
-5.00
-28.00
-97.00
-136.00
-160.00
-196.00
-232.00
-208.00
-195.00
999999
46.00
46.00
46.00
61.00
162.00
215.00
207.00
147.00
104.00
10.00
-39.00
-109.00
-183.00
-233.00
-274.00
-342.00
-333.00
-216.00
999999
190.00
190.00
227.00
187.00
203.00
181.00
132.00
90.00
32.00
-45.00
-99.00
-129.00
-206.00
-207.00
-199.00
-220.00
-248.00
-298.00
-256.00
999999
158.00
158.00
158.00
95.00
185.00
58.00
35.00
-37.00
-48.00
-104.00
-121.00
-176.00
-193.00
-225.00
-283.00
-323.00
-287.00
-284.00
-272.00
999999
91.00
91.00
91.00
100.00
198.00
145.00
88.00
56.00
15.00
-51.00
-64.00
-102.00
-162.00
-214.00
-255.00
-295.00
-301.00
-352.00
-339.00
999999
-310.00
-310.00
-310.00
-324.00
-334.00
-303.00
-308.00
-287.00
-289.00
-298.00
-271.00
-235.00
999999
-202.00
-202.00
-202.00
-143.00
-132.00
-43.00
-93.00
-160.00
-209.00
-238.00
-314.00
-321.00
-320.00
-299.00
-310.00
-317.00
-306.00
999999
-213.00
-213.00
-204.00
-215.00
-256.00
-296.00
-244.00
-236.00
-206.00
-196.00
-217.00
-266.00
-273.00
-260.00
-319.00
-339.00
-335.00
-323.00
999999
93.00
102.00
102.00
78.00
102.00
183.00
94.00
150.00
81.00
71.00
-5.00
-77.00
-155.00
-306.00
-314.00
-293.00
-386.00
-381.00
999999
-31.00
-31.00
-35.00
-69.00
-20.00
-7.00
3.00
17.00
0.00
-7.00
-28.00
-119.00
-158.00
-205.00
-313.00
-303.00
-329.00
-333.00
-377.00
999999
-98.00
-98.00
-58.00
-14.00
-24.00
1.00
40.00
76.00
22.00
37.00
13.00
-19.00
-75.00
-121.00
-173.00
-217.00
-241.00
-249.00
-260.00
-195.00
999999
30.00
30.00
30.00
19.00
101.00
56.00
34.00
49.00
13.00
-16.00
-54.00
-121.00
-171.00
-217.00
-268.00
-317.00
-297.00
-296.00
-352.00
-326.00
999999
278.00
278.00
278.00
277.00
372.00
372.00
371.00
368.00
319.00
316.00
268.00
247.00
211.00
210.00
192.00
182.00
193.00
999999
244.00
274.00
274.00
288.00
331.00
353.00
360.00
360.00
365.00
318.00
305.00
274.00
241.00
232.00
208.00
184.00
194.00
191.00
999999
321.00
321.00
332.00
316.00
279.00
343.00
356.00
328.00
343.00
349.00
300.00
290.00
255.00
253.00
217.00
203.00
199.00
187.00
160.00
999999
275.00
275.00
203.00
259.00
311.00
345.00
363.00
339.00
341.00
353.00
320.00
321.00
294.00
265.00
261.00
235.00
195.00
177.00
173.00
999999
287.00
287.00
287.00
265.00
239.00
209.00
182.00
142.00
156.00
154.00
163.00
160.00
145.00
176.00
184.00
999999
262.00
262.00
256.00
299.00
348.00
382.00
358.00
364.00
346.00
300.00
308.00
284.00
257.00
251.00
272.00
238.00
184.00
999999
243.00
243.00
267.00
301.00
334.00
413.00
418.00
416.00
361.00
334.00
292.00
268.00
260.00
238.00
196.00
190.00
163.00
999999
275.00
319.00
319.00
324.00
353.00
378.00
365.00
349.00
345.00
318.00
302.00
272.00
255.00
235.00
183.00
160.00
148.00
110.00
999999
194.00
194.00
194.00
173.00
178.00
147.00
145.00
145.00
130.00
105.00
74.00
79.00
96.00
125.00
999999
244.00
244.00
244.00
267.00
314.00
364.00
390.00
373.00
368.00
307.00
289.00
295.00
256.00
247.00
197.00
135.00
187.00
177.00
999999
255.00
255.00
255.00
272.00
302.00
338.00
328.00
328.00
313.00
310.00
311.00
306.00
279.00
266.00
249.00
225.00
198.00
189.00
999999
276.00
276.00
276.00
300.00
335.00
338.00
364.00
353.00
325.00
302.00
298.00
279.00
271.00
273.00
254.00
241.00
211.00
193.00
190.00
153.00
999999
251.00
273.00
273.00
303.00
344.00
366.00
345.00
346.00
338.00
293.00
288.00
264.00
265.00
219.00
199.00
206.00
199.00
193.00
181.00
999999
308.00
381.00
381.00
337.00
376.00
386.00
380.00
339.00
319.00
290.00
278.00
247.00
202.00
170.00
129.00
126.00
103.00
999999
255.00
265.00
265.00
249.00
236.00
294.00
319.00
337.00
363.00
347.00
306.00
296.00
266.00
233.00
190.00
161.00
135.00
97.00
83.00
81.00
999999
316.00
316.00
316.00
327.00
379.00
385.00
352.00
343.00
313.00
309.00
301.00
268.00
258.00
219.00
213.00
192.00
161.00
160.00
126.00
125.00
107.00
999999
304.00
336.00
336.00
304.00
328.00
321.00
338.00
335.00
322.00
315.00
290.00
269.00
248.00
240.00
199.00
174.00
152.00
136.00
999999
280.00
300.00
300.00
309.00
367.00
345.00
334.00
318.00
314.00
279.00
280.00
256.00
233.00
220.00
191.00
177.00
146.00
148.00
999999
282.00
282.00
282.00
271.00
255.00
241.00
214.00
185.00
179.00
183.00
162.00
169.00
184.00
204.00
236.00
229.00
234.00
219.00
999999
258.00
273.00
273.00
296.00
333.00
357.00
371.00
341.00
316.00
323.00
287.00
280.00
258.00
255.00
218.00
207.00
161.00
135.00
130.00
999999
276.00
276.00
291.00
325.00
389.00
407.00
388.00
371.00
343.00
300.00
278.00
258.00
233.00
219.00
195.00
169.00
155.00
158.00
125.00
132.00
999999
394.00
394.00
393.00
361.00
393.00
362.00
352.00
321.00
310.00
263.00
237.00
231.00
198.00
186.00
171.00
143.00
121.00
114.00
98.00
999999
304.00
304.00
313.00
365.00
435.00
415.00
384.00
341.00
299.00
292.00
243.00
205.00
177.00
161.00
139.00
146.00
131.00
107.00
95.00
113.00
999999
409.00
443.00
443.00
393.00
400.00
387.00
354.00
321.00
272.00
241.00
194.00
163.00
150.00
121.00
93.00
58.00
56.00
59.00
999999
-263.00
-301.00
-301.00
-306.00
-300.00
-345.00
-324.00
-336.00
-305.00
-299.00
-314.00
-267.00
-295.00
-300.00
-283.00
-280.00
-264.00
-233.00
-202.00
-209.00
999999
300.00
305.00
305.00
338.00
365.00
360.00
361.00
343.00
322.00
312.00
283.00
236.00
213.00
179.00
162.00
129.00
132.00
137.00
130.00
999999
311.00
311.00
336.00
349.00
356.00
358.00
347.00
318.00
265.00
257.00
214.00
192.00
171.00
169.00
153.00
123.00
125.00
107.00
99.00
999999
350.00
350.00
354.00
376.00
383.00
361.00
354.00
316.00
305.00
254.00
249.00
206.00
207.00
162.00
152.00
130.00
151.00
143.00
999999
322.00
349.00
349.00
388.00
441.00
417.00
372.00
371.00
338.00
296.00
246.00
223.00
207.00
209.00
162.00
167.00
144.00
115.00
999999
251.00
298.00
298.00
332.00
412.00
401.00
396.00
384.00
345.00
339.00
297.00
270.00
243.00
217.00
200.00
186.00
148.00
124.00
999999
176.00
176.00
176.00
259.00
279.00
269.00
254.00
208.00
176.00
93.00
31.00
-14.00
-85.00
-122.00
-151.00
-179.00
-172.00
-168.00
999999
128.00
128.00
128.00
51.00
11.00
0.00
-64.00
-108.00
-134.00
-130.00
-128.00
-131.00
-111.00
-124.00
-102.00
-99.00
-118.00
-111.00
-125.00
-135.00
-122.00
999999
165.00
165.00
165.00
199.00
206.00
164.00
174.00
147.00
143.00
66.00
21.00
-54.00
-96.00
-91.00
-134.00
-154.00
-179.00
-147.00
-189.00
999999
224.00
215.00
215.00
256.00
322.00
344.00
380.00
368.00
349.00
342.00
307.00
296.00
268.00
235.00
220.00
189.00
162.00
160.00
999999
311.00
311.00
311.00
302.00
308.00
314.00
330.00
326.00
321.00
309.00
294.00
302.00
282.00
250.00
241.00
204.00
185.00
152.00
120.00
118.00
999999
211.00
215.00
215.00
180.00
182.00
213.00
129.00
122.00
81.00
69.00
29.00
4.00
-19.00
-63.00
-50.00
-72.00
-97.00
-120.00
-139.00
999999
145.00
169.00
169.00
162.00
192.00
156.00
157.00
112.00
72.00
46.00
6.00
0.00
-25.00
-56.00
-68.00
-111.00
-138.00
-147.00
-151.00
999999
77.00
77.00
74.00
110.00
212.00
244.00
215.00
197.00
163.00
98.00
37.00
12.00
-32.00
-70.00
-90.00
-82.00
-135.00
-187.00
-191.00
-180.00
999999
206.00
206.00
193.00
202.00
245.00
231.00
180.00
137.00
74.00
49.00
30.00
-12.00
-37.00
-92.00
-118.00
-147.00
-192.00
999999
303.00
303.00
308.00
334.00
394.00
398.00
385.00
359.00
331.00
318.00
305.00
268.00
249.00
257.00
213.00
162.00
118.00
999999
315.00
315.00
318.00
342.00
390.00
360.00
347.00
323.00
307.00
272.00
261.00
283.00
199.00
216.00
189.00
195.00
173.00
173.00
999999
194.00
194.00
201.00
225.00
221.00
203.00
208.00
148.00
113.00
76.00
53.00
5.00
-4.00
-11.00
-33.00
-57.00
-55.00
-52.00
-54.00
-56.00
999999
347.00
347.00
339.00
314.00
297.00
241.00
196.00
141.00
99.00
77.00
54.00
54.00
65.00
51.00
17.00
45.00
18.00
5.00
20.00
999999
240.00
266.00
266.00
284.00
304.00
311.00
320.00
270.00
246.00
223.00
176.00
140.00
109.00
65.00
58.00
40.00
27.00
46.00
39.00
44.00
999999
237.00
287.00
287.00
253.00
277.00
223.00
191.00
153.00
99.00
72.00
53.00
33.00
-21.00
-51.00
-91.00
-96.00
-96.00
-94.00
999999
213.00
213.00
213.00
236.00
223.00
197.00
166.00
137.00
105.00
74.00
71.00
52.00
11.00
16.00
-26.00
-66.00
-87.00
-84.00
-113.00
999999
196.00
196.00
196.00
201.00
195.00
168.00
134.00
104.00
46.00
25.00
11.00
-20.00
-40.00
-72.00
-116.00
-142.00
-180.00
-182.00
999999
170.00
170.00
190.00
203.00
194.00
191.00
177.00
159.00
112.00
119.00
65.00
27.00
12.00
-27.00
-99.00
-101.00
-99.00
-113.00
999999
160.00
160.00
160.00
160.00
190.00
178.00
150.00
133.00
103.00
68.00
54.00
45.00
-16.00
-43.00
-89.00
-84.00
-84.00
-137.00
-164.00
999999
210.00
210.00
195.00
217.00
270.00
233.00
200.00
147.00
97.00
87.00
103.00
25.00
1.00
17.00
-17.00
-75.00
-81.00
-126.00
-126.00
999999
145.00
197.00
197.00
212.00
236.00
261.00
226.00
179.00
178.00
151.00
98.00
88.00
40.00
12.00
-11.00
-73.00
-66.00
-113.00
-163.00
999999
218.00
218.00
218.00
210.00
211.00
204.00
163.00
118.00
102.00
82.00
63.00
59.00
45.00
0.00
-21.00
-52.00
-93.00
-112.00
999999
140.00
140.00
140.00
112.00
78.00
35.00
1.00
-21.00
-71.00
-119.00
-154.00
-155.00
-156.00
-147.00
-162.00
-179.00
-197.00
999999
148.00
148.00
148.00
188.00
193.00
228.00
196.00
172.00
159.00
146.00
129.00
90.00
95.00
71.00
30.00
-5.00
-97.00
-189.00
999999
178.00
188.00
188.00
232.00
291.00
264.00
247.00
200.00
158.00
156.00
125.00
110.00
91.00
81.00
41.00
-39.00
-86.00
-130.00
-138.00
-160.00
999999
241.00
269.00
269.00
253.00
215.00
202.00
164.00
129.00
89.00
64.00
33.00
-12.00
-48.00
-62.00
-82.00
-120.00
-103.00
999999
95.00
121.00
121.00
126.00
219.00
272.00
231.00
219.00
177.00
121.00
81.00
57.00
31.00
-2.00
-25.00
-82.00
-97.00
-112.00
-168.00
999999
102.00
102.00
102.00
91.00
123.00
139.00
128.00
135.00
111.00
68.00
28.00
1.00
-7.00
-35.00
-44.00
-97.00
-129.00
-145.00
-217.00
-237.00
999999
115.00
115.00
129.00
188.00
222.00
206.00
181.00
132.00
121.00
77.00
60.00
43.00
2.00
-15.00
-27.00
-57.00
-63.00
-94.00
-107.00
-188.00
999999
205.00
227.00
227.00
222.00
289.00
432.00
424.00
407.00
355.00
307.00
266.00
236.00
225.00
214.00
202.00
175.00
179.00
172.00
158.00
164.00
158.00
151.00
146.00
999999
268.00
289.00
289.00
316.00
398.00
434.00
407.00
390.00
350.00
308.00
296.00
278.00
268.00
245.00
214.00
177.00
148.00
157.00
112.00
999999
242.00
242.00
271.00
315.00
368.00
392.00
384.00
379.00
345.00
311.00
265.00
262.00
241.00
220.00
215.00
178.00
153.00
121.00
999999
395.00
393.00
393.00
387.00
364.00
344.00
326.00
302.00
298.00
278.00
251.00
254.00
217.00
220.00
184.00
147.00
123.00
85.00
999999
398.00
398.00
410.00
444.00
456.00
433.00
378.00
348.00
301.00
252.00
243.00
223.00
217.00
207.00
181.00
134.00
97.00
65.00
999999
244.00
244.00
244.00
172.00
165.00
116.00
99.00
87.00
81.00
68.00
67.00
81.00
89.00
101.00
129.00
138.00
140.00
999999
217.00
245.00
245.00
305.00
377.00
425.00
435.00
375.00
348.00
328.00
284.00
233.00
228.00
211.00
182.00
174.00
158.00
129.00
108.00
102.00
109.00
999999
354.00
354.00
338.00
353.00
340.00
321.00
287.00
256.00
207.00
188.00
153.00
108.00
113.00
80.00
54.00
32.00
23.00
-9.00
-26.00
999999
425.00
416.00
416.00
385.00
389.00
337.00
320.00
281.00
258.00
234.00
246.00
174.00
145.00
140.00
67.00
55.00
69.00
39.00
999999
270.00
300.00
300.00
293.00
317.00
334.00
312.00
267.00
245.00
202.00
164.00
136.00
118.00
84.00
79.00
64.00
25.00
999999
343.00
335.00
335.00
313.00
288.00
257.00
250.00
228.00
203.00
159.00
148.00
123.00
58.00
49.00
12.00
-6.00
-6.00
-22.00
999999
-75.00
-75.00
-88.00
-76.00
-96.00
-124.00
-147.00
-168.00
-206.00
-254.00
-277.00
-309.00
-293.00
-312.00
-265.00
-301.00
-288.00
999999
-153.00
-153.00
-143.00
-128.00
-62.00
-39.00
-31.00
-79.00
-97.00
-131.00
-209.00
-256.00
-320.00
-315.00
-362.00
-320.00
999999
-122.00
-114.00
-114.00
-32.00
-186.00
-239.00
-262.00
-245.00
-281.00
-287.00
-267.00
-295.00
-322.00
-317.00
-313.00
-324.00
-335.00
-310.00
999999
-108.00
-83.00
-83.00
-45.00
25.00
-46.00
-17.00
-47.00
-79.00
-108.00
-161.00
-214.00
-211.00
-284.00
-312.00
-338.00
-328.00
-313.00
999999
-130.00
-130.00
-105.00
-159.00
-114.00
-130.00
-154.00
-164.00
-198.00
-253.00
-259.00
-239.00
-261.00
-298.00
-327.00
-306.00
-306.00
-321.00
-331.00
-320.00
999999
-2.00
-2.00
-26.00
-100.00
-130.00
-143.00
-193.00
-224.00
-241.00
-225.00
-274.00
-315.00
-316.00
-333.00
-320.00
-397.00
-386.00
-337.00
-296.00
999999
264.00
264.00
264.00
304.00
404.00
431.00
409.00
357.00
329.00
280.00
246.00
223.00
177.00
137.00
98.00
68.00
61.00
21.00
999999
251.00
316.00
316.00
354.00
359.00
390.00
365.00
318.00
293.00
251.00
221.00
185.00
166.00
149.00
103.00
47.00
43.00
999999
323.00
323.00
314.00
317.00
377.00
348.00
342.00
315.00
281.00
251.00
215.00
196.00
176.00
141.00
109.00
80.00
81.00
50.00
56.00
999999
330.00
352.00
352.00
389.00
383.00
398.00
362.00
338.00
289.00
254.00
223.00
178.00
156.00
121.00
78.00
66.00
57.00
26.00
999999
256.00
256.00
280.00
350.00
443.00
444.00
417.00
373.00
339.00
291.00
263.00
245.00
231.00
186.00
120.00
82.00
61.00
44.00
999999
140.00
140.00
140.00
162.00
221.00
309.00
347.00
318.00
296.00
245.00
186.00
160.00
81.00
34.00
-4.00
-49.00
-70.00
-81.00
-70.00
-66.00
999999
318.00
323.00
323.00
362.00
384.00
386.00
356.00
339.00
280.00
239.00
192.00
144.00
100.00
61.00
15.00
-25.00
-34.00
-14.00
-29.00
999999
246.00
246.00
255.00
280.00
327.00
359.00
367.00
326.00
309.00
263.00
233.00
182.00
162.00
128.00
61.00
23.00
7.00
-27.00
-39.00
-16.00
-18.00
999999
295.00
295.00
305.00
364.00
432.00
435.00
418.00
392.00
340.00
292.00
201.00
160.00
94.00
61.00
43.00
-10.00
-39.00
-58.00
-50.00
999999
129.00
129.00
129.00
35.00
117.00
65.00
18.00
33.00
9.00
0.00
0.00
2.00
11.00
39.00
77.00
56.00
87.00
111.00
87.00
85.00
999999
294.00
294.00
306.00
332.00
358.00
349.00
316.00
282.00
231.00
193.00
151.00
113.00
69.00
33.00
-20.00
-68.00
-116.00
-148.00
-153.00
999999
-143.00
-143.00
-143.00
-214.00
-223.00
-224.00
-287.00
-278.00
-313.00
-310.00
-300.00
-316.00
-308.00
-298.00
-272.00
-286.00
-312.00
-250.00
-256.00
999999
407.00
407.00
406.00
371.00
359.00
301.00
276.00
237.00
188.00
166.00
128.00
107.00
68.00
53.00
7.00
1.00
-20.00
-9.00
999999
73.00
73.00
66.00
87.00
138.00
212.00
259.00
254.00
220.00
167.00
114.00
94.00
81.00
79.00
65.00
47.00
17.00
-1.00
-17.00
-55.00
-90.00
-103.00
-116.00
999999
112.00
112.00
112.00
126.00
123.00
92.00
93.00
45.00
-16.00
-48.00
-95.00
-114.00
-141.00
-164.00
-191.00
-203.00
-195.00
-196.00
-207.00
999999
-56.00
-55.00
-55.00
-133.00
-186.00
-203.00
-255.00
-269.00
-295.00
-255.00
-253.00
-270.00
-257.00
-277.00
-306.00
-321.00
-309.00
-343.00
-329.00
-249.00
-267.00
999999
6.00
6.00
6.00
-32.00
-78.00
-141.00
-168.00
-210.00
-221.00
-260.00
-253.00
-209.00
-144.00
-137.00
-125.00
-127.00
-111.00
999999
128.00
128.00
108.00
152.00
207.00
206.00
176.00
154.00
38.00
-18.00
-59.00
-104.00
-137.00
-204.00
-255.00
-265.00
-319.00
-320.00
-240.00
-289.00
999999
226.00
270.00
270.00
219.00
228.00
191.00
173.00
99.00
66.00
7.00
-25.00
-68.00
-130.00
-171.00
-212.00
-247.00
-252.00
-254.00
-238.00
-208.00
999999
156.00
96.00
96.00
184.00
230.00
186.00
146.00
79.00
26.00
-33.00
-101.00
-140.00
-173.00
-211.00
-243.00
-304.00
-312.00
-309.00
999999
201.00
201.00
201.00
269.00
342.00
383.00
409.00
407.00
364.00
308.00
278.00
257.00
214.00
209.00
179.00
164.00
148.00
118.00
121.00
95.00
999999
151.00
151.00
151.00
115.00
86.00
58.00
46.00
24.00
34.00
25.00
50.00
80.00
113.00
116.00
113.00
125.00
126.00
144.00
143.00
999999
285.00
319.00
319.00
325.00
407.00
415.00
420.00
402.00
373.00
318.00
273.00
235.00
198.00
168.00
143.00
107.00
64.00
9.00
-27.00
999999
304.00
296.00
296.00
251.00
237.00
128.00
96.00
44.00
27.00
7.00
1.00
-24.00
-43.00
-52.00
-74.00
-76.00
-97.00
-126.00
999999
146.00
146.00
139.00
256.00
229.00
205.00
192.00
146.00
127.00
102.00
14.00
-28.00
-78.00
-138.00
-185.00
-235.00
-257.00
-289.00
999999
151.00
188.00
188.00
165.00
210.00
256.00
234.00
193.00
147.00
105.00
63.00
16.00
-29.00
-38.00
-71.00
-100.00
-145.00
-183.00
-170.00
999999
220.00
220.00
243.00
256.00
249.00
272.00
235.00
190.00
148.00
121.00
83.00
46.00
40.00
6.00
-25.00
-50.00
-84.00
-122.00
-138.00
-159.00
-166.00
999999
209.00
209.00
244.00
258.00
236.00
204.00
140.00
104.00
79.00
34.00
39.00
14.00
-26.00
-42.00
-72.00
-113.00
-145.00
-154.00
-172.00
-185.00
999999
166.00
166.00
166.00
186.00
218.00
195.00
159.00
116.00
70.00
64.00
-8.00
-42.00
-51.00
-95.00
-139.00
-154.00
-186.00
-266.00
-296.00
-190.00
999999
216.00
216.00
216.00
242.00
304.00
363.00
385.00
376.00
349.00
320.00
299.00
251.00
248.00
218.00
166.00
143.00
108.00
85.00
85.00
74.00
55.00
999999
273.00
273.00
273.00
321.00
363.00
363.00
334.00
308.00
258.00
224.00
203.00
147.00
123.00
78.00
62.00
39.00
5.00
-13.00
-24.00
999999
311.00
311.00
295.00
282.00
319.00
380.00
363.00
300.00
314.00
275.00
260.00
215.00
179.00
171.00
133.00
107.00
64.00
32.00
10.00
-15.00
19.00
999999
56.00
56.00
56.00
141.00
243.00
272.00
227.00
164.00
113.00
22.00
-33.00
-162.00
-218.00
-265.00
-269.00
-336.00
-304.00
-234.00
999999
-166.00
-166.00
-166.00
-192.00
-234.00
-252.00
-278.00
-291.00
-332.00
-316.00
-306.00
-303.00
-255.00
-247.00
-258.00
-303.00
-276.00
999999
269.00
269.00
269.00
323.00
351.00
353.00
367.00
346.00
317.00
313.00
280.00
243.00
216.00
196.00
202.00
147.00
99.00
85.00
999999
333.00
333.00
344.00
382.00
394.00
381.00
373.00
333.00
299.00
260.00
223.00
199.00
190.00
179.00
122.00
98.00
69.00
14.00
999999
239.00
239.00
245.00
255.00
365.00
386.00
406.00
384.00
372.00
323.00
311.00
262.00
223.00
215.00
176.00
144.00
95.00
66.00
54.00
999999
258.00
258.00
257.00
295.00
288.00
303.00
313.00
296.00
285.00
261.00
247.00
223.00
194.00
194.00
164.00
142.00
115.00
76.00
54.00
15.00
-32.00
-12.00
999999
39.00
101.00
101.00
111.00
157.00
229.00
238.00
210.00
170.00
107.00
25.00
-56.00
-117.00
-123.00
-168.00
-181.00
-239.00
-257.00
-282.00
-317.00
-298.00
-243.00
999999
233.00
233.00
257.00
303.00
340.00
409.00
422.00
386.00
362.00
321.00
281.00
262.00
245.00
207.00
190.00
153.00
129.00
113.00
62.00
40.00
45.00
21.00
26.00
999999
311.00
311.00
296.00
312.00
371.00
368.00
379.00
342.00
336.00
311.00
283.00
257.00
226.00
197.00
136.00
125.00
64.00
24.00
7.00
999999
202.00
206.00
206.00
271.00
272.00
264.00
214.00
190.00
113.00
64.00
25.00
1.00
17.00
-24.00
-64.00
-97.00
-118.00
-154.00
-178.00
999999
244.00
271.00
271.00
357.00
412.00
437.00
405.00
385.00
325.00
289.00
281.00
241.00
226.00
178.00
129.00
7.00
-27.00
999999
223.00
223.00
228.00
282.00
318.00
336.00
347.00
289.00
315.00
272.00
232.00
208.00
194.00
140.00
133.00
118.00
73.00
48.00
36.00
999999
209.00
209.00
209.00
229.00
233.00
279.00
305.00
298.00
301.00
295.00
289.00
272.00
245.00
208.00
184.00
172.00
118.00
63.00
60.00
999999
209.00
209.00
209.00
193.00
128.00
105.00
97.00
74.00
60.00
48.00
35.00
-1.00
53.00
49.00
75.00
58.00
96.00
999999
156.00
156.00
156.00
181.00
228.00
272.00
302.00
343.00
336.00
315.00
284.00
257.00
229.00
219.00
194.00
154.00
105.00
58.00
21.00
24.00
33.00
999999
218.00
236.00
236.00
255.00
311.00
331.00
318.00
328.00
295.00
274.00
272.00
211.00
174.00
142.00
117.00
100.00
61.00
17.00
25.00
999999
169.00
202.00
202.00
226.00
254.00
327.00
340.00
339.00
342.00
303.00
297.00
286.00
262.00
246.00
227.00
188.00
160.00
137.00
117.00
97.00
999999
376.00
376.00
376.00
305.00
272.00
229.00
198.00
157.00
115.00
95.00
46.00
5.00
10.00
6.00
44.00
10.00
33.00
999999
177.00
177.00
177.00
231.00
277.00
309.00
328.00
324.00
327.00
303.00
248.00
231.00
181.00
121.00
85.00
39.00
19.00
15.00
999999
320.00
320.00
320.00
327.00
343.00
325.00
319.00
298.00
259.00
247.00
207.00
187.00
155.00
147.00
116.00
73.00
67.00
999999
150.00
157.00
157.00
205.00
278.00
340.00
376.00
364.00
328.00
307.00
277.00
228.00
210.00
160.00
124.00
62.00
6.00
-24.00
-53.00
999999
230.00
280.00
280.00
311.00
353.00
367.00
364.00
304.00
273.00
226.00
207.00
182.00
165.00
102.00
55.00
10.00
-14.00
-7.00
999999
207.00
207.00
239.00
256.00
299.00
355.00
366.00
336.00
372.00
303.00
278.00
263.00
233.00
190.00
123.00
80.00
35.00
-4.00
-14.00
-19.00
999999
106.00
106.00
106.00
127.00
174.00
244.00
320.00
385.00
370.00
351.00
314.00
246.00
196.00
130.00
73.00
34.00
-9.00
-65.00
-85.00
999999
153.00
153.00
196.00
221.00
312.00
339.00
370.00
359.00
349.00
316.00
270.00
239.00
201.00
178.00
128.00
67.00
30.00
0.00
-17.00
-16.00
-16.00
999999
243.00
243.00
243.00
285.00
350.00
371.00
347.00
313.00
260.00
217.00
185.00
173.00
177.00
129.00
86.00
62.00
28.00
29.00
999999
226.00
226.00
226.00
265.00
330.00
353.00
333.00
332.00
293.00
258.00
248.00
212.00
178.00
148.00
117.00
83.00
64.00
44.00
999999
192.00
188.00
188.00
232.00
324.00
364.00
389.00
349.00
327.00
279.00
242.00
238.00
190.00
160.00
115.00
79.00
48.00
22.00
8.00
999999
217.00
217.00
230.00
250.00
311.00
353.00
365.00
354.00
338.00
331.00
279.00
267.00
225.00
178.00
144.00
88.00
53.00
12.00
999999
163.00
163.00
163.00
185.00
248.00
291.00
324.00
342.00
343.00
321.00
285.00
244.00
212.00
192.00
165.00
128.00
140.00
88.00
44.00
42.00
38.00
41.00
999999
279.00
279.00
290.00
293.00
312.00
345.00
361.00
343.00
306.00
265.00
235.00
183.00
187.00
168.00
140.00
116.00
84.00
50.00
26.00
999999
287.00
287.00
287.00
277.00
231.00
225.00
196.00
170.00
142.00
145.00
111.00
97.00
114.00
88.00
107.00
83.00
65.00
36.00
0.00
8.00
999999
161.00
161.00
162.00
195.00
255.00
325.00
349.00
337.00
339.00
318.00
324.00
277.00
241.00
213.00
191.00
184.00
128.00
81.00
65.00
999999
137.00
164.00
164.00
177.00
268.00
277.00
341.00
351.00
363.00
352.00
319.00
294.00
257.00
223.00
201.00
179.00
129.00
109.00
70.00
59.00
999999
229.00
264.00
264.00
302.00
322.00
341.00
337.00
303.00
272.00
249.00
220.00
195.00
161.00
136.00
111.00
58.00
27.00
2.00
-28.00
-38.00
999999
102.00
102.00
102.00
135.00
194.00
246.00
296.00
320.00
336.00
327.00
301.00
289.00
271.00
239.00
220.00
184.00
139.00
106.00
75.00
66.00
62.00
999999
277.00
277.00
277.00
318.00
325.00
340.00
323.00
286.00
267.00
242.00
191.00
184.00
151.00
137.00
143.00
104.00
95.00
56.00
31.00
19.00
12.00
999999
273.00
273.00
277.00
359.00
382.00
371.00
369.00
327.00
290.00
263.00
217.00
208.00
189.00
139.00
133.00
85.00
64.00
41.00
22.00
-6.00
999999
197.00
214.00
214.00
237.00
325.00
370.00
368.00
348.00
326.00
293.00
281.00
263.00
238.00
199.00
174.00
142.00
111.00
64.00
24.00
24.00
999999
291.00
291.00
291.00
285.00
309.00
303.00
288.00
257.00
215.00
198.00
179.00
153.00
139.00
125.00
99.00
73.00
63.00
64.00
61.00
999999
193.00
193.00
206.00
251.00
269.00
312.00
291.00
289.00
257.00
223.00
181.00
153.00
125.00
97.00
61.00
44.00
13.00
-10.00
999999
279.00
279.00
279.00
335.00
348.00
351.00
350.00
312.00
308.00
252.00
234.00
203.00
188.00
185.00
156.00
118.00
77.00
51.00
999999
144.00
191.00
191.00
162.00
245.00
305.00
362.00
381.00
370.00
326.00
274.00
264.00
224.00
186.00
159.00
143.00
98.00
63.00
48.00
999999
190.00
190.00
190.00
215.00
241.00
313.00
332.00
338.00
328.00
313.00
253.00
244.00
218.00
177.00
166.00
156.00
137.00
107.00
66.00
49.00
47.00
999999
156.00
227.00
227.00
222.00
243.00
324.00
323.00
315.00
290.00
286.00
260.00
235.00
229.00
206.00
173.00
150.00
135.00
99.00
88.00
44.00
64.00
999999
171.00
193.00
193.00
203.00
279.00
336.00
334.00
345.00
343.00
307.00
277.00
249.00
209.00
161.00
157.00
113.00
63.00
13.00
19.00
999999
125.00
125.00
125.00
180.00
236.00
267.00
315.00
329.00
319.00
312.00
294.00
268.00
247.00
217.00
189.00
153.00
135.00
128.00
44.00
36.00
53.00
999999
135.00
135.00
135.00
207.00
268.00
292.00
313.00
316.00
281.00
259.00
234.00
192.00
183.00
173.00
151.00
110.00
79.00
64.00
45.00
33.00
10.00
999999
