141.00
229.00
229.00
202.00
270.00
196.00
203.00
158.00
55.00
54.00
60.00
-9.00
-29.00
-135.00
-205.00
-150.00
-110.00
999999
45.00
45.00
32.00
55.00
134.00
198.00
203.00
235.00
225.00
180.00
151.00
106.00
35.00
6.00
-73.00
-140.00
-163.00
-156.00
-135.00
-132.00
-155.00
-79.00
-49.00
999999
326.00
326.00
326.00
343.00
335.00
355.00
309.00
275.00
233.00
173.00
148.00
130.00
100.00
65.00
40.00
42.00
33.00
56.00
45.00
37.00
53.00
999999
-7.00
-16.00
-16.00
7.00
-18.00
76.00
64.00
59.00
-7.00
-25.00
-67.00
-169.00
-92.00
-200.00
-257.00
-285.00
-282.00
-247.00
-226.00
-213.00
-184.00
999999
-66.00
-66.00
-66.00
-85.00
-71.00
-11.00
88.00
118.00
105.00
71.00
21.00
-59.00
-89.00
-123.00
-197.00
-264.00
-295.00
-335.00
-296.00
-256.00
999999
137.00
137.00
137.00
157.00
227.00
322.00
348.00
310.00
262.00
227.00
185.00
192.00
181.00
165.00
81.00
2.00
-59.00
-107.00
-115.00
-41.00
-23.00
-41.00
999999
233.00
233.00
233.00
241.00
252.00
263.00
270.00
272.00
280.00
284.00
276.00
274.00
277.00
270.00
268.00
260.00
259.00
239.00
239.00
226.00
227.00
227.00
999999
215.00
215.00
215.00
249.00
252.00
261.00
246.00
261.00
279.00
278.00
300.00
303.00
304.00
299.00
259.00
258.00
248.00
246.00
225.00
267.00
999999
235.00
235.00
207.00
255.00
248.00
238.00
253.00
252.00
264.00
243.00
253.00
283.00
325.00
263.00
288.00
313.00
231.00
225.00
237.00
235.00
252.00
999999
84.00
79.00
79.00
101.00
168.00
275.00
267.00
290.00
232.00
168.00
180.00
98.00
22.00
15.00
-9.00
-68.00
-130.00
-197.00
-205.00
-141.00
999999
200.00
181.00
181.00
215.00
266.00
293.00
284.00
266.00
270.00
279.00
258.00
262.00
270.00
259.00
250.00
217.00
179.00
143.00
131.00
149.00
137.00
117.00
131.00
999999
224.00
224.00
224.00
218.00
269.00
282.00
298.00
315.00
292.00
305.00
312.00
328.00
284.00
261.00
234.00
176.00
177.00
169.00
169.00
197.00
999999
85.00
128.00
128.00
127.00
246.00
311.00
312.00
248.00
186.00
99.00
4.00
-35.00
-93.00
-124.00
-174.00
-185.00
-198.00
-214.00
-182.00
-140.00
999999
111.00
111.00
111.00
119.00
149.00
214.00
209.00
224.00
180.00
128.00
84.00
59.00
-12.00
-60.00
-92.00
-126.00
-140.00
-108.00
-121.00
-124.00
-86.00
999999
34.00
34.00
35.00
65.00
163.00
207.00
222.00
219.00
162.00
49.00
79.00
29.00
4.00
-17.00
-88.00
-109.00
-139.00
-184.00
-159.00
-153.00
-101.00
999999
27.00
27.00
27.00
59.00
107.00
143.00
144.00
195.00
141.00
113.00
90.00
27.00
-1.00
-28.00
-62.00
-79.00
-134.00
-118.00
-130.00
-113.00
-49.00
-60.00
999999
-80.00
-102.00
-102.00
-101.00
-16.00
64.00
106.00
160.00
154.00
106.00
32.00
18.00
13.00
-16.00
-108.00
-178.00
-151.00
-165.00
-210.00
-195.00
-172.00
-157.00
-142.00
-108.00
999999
286.00
286.00
286.00
276.00
241.00
228.00
278.00
265.00
280.00
292.00
259.00
266.00
260.00
241.00
245.00
269.00
244.00
225.00
242.00
241.00
231.00
999999
55.00
61.00
61.00
97.00
176.00
246.00
232.00
231.00
159.00
63.00
26.00
-34.00
-72.00
-100.00
-131.00
-167.00
-215.00
-216.00
-219.00
-163.00
-166.00
-123.00
999999
91.00
91.00
91.00
122.00
219.00
252.00
255.00
257.00
224.00
118.00
59.00
-20.00
-109.00
-73.00
-132.00
-178.00
-183.00
-194.00
-182.00
-131.00
-104.00
999999
-99.00
-99.00
-83.00
-35.00
-4.00
143.00
198.00
134.00
94.00
8.00
-57.00
-116.00
-143.00
-195.00
-204.00
-201.00
-217.00
-242.00
-271.00
-217.00
-169.00
999999
216.00
216.00
216.00
315.00
353.00
323.00
317.00
287.00
274.00
257.00
213.00
183.00
134.00
96.00
68.00
64.00
12.00
11.00
51.00
67.00
48.00
999999
52.00
52.00
48.00
63.00
117.00
166.00
181.00
199.00
162.00
85.00
55.00
10.00
-26.00
-49.00
-91.00
-100.00
-163.00
-178.00
-224.00
-183.00
-134.00
-151.00
999999
221.00
221.00
207.00
206.00
185.00
235.00
270.00
311.00
312.00
318.00
303.00
282.00
277.00
268.00
270.00
239.00
247.00
221.00
247.00
255.00
999999
-133.00
-133.00
-133.00
-163.00
-129.00
-116.00
-45.00
60.00
52.00
109.00
137.00
110.00
194.00
186.00
165.00
157.00
134.00
154.00
160.00
205.00
192.00
999999
-16.00
-16.00
-16.00
-62.00
-129.00
-195.00
-192.00
-223.00
-122.00
-50.00
-6.00
34.00
100.00
84.00
117.00
135.00
138.00
186.00
163.00
999999
-175.00
-175.00
-221.00
-258.00
-262.00
-251.00
-184.00
-141.00
-79.00
-6.00
2.00
42.00
76.00
121.00
101.00
95.00
110.00
142.00
176.00
999999
156.00
156.00
156.00
137.00
88.00
64.00
45.00
37.00
37.00
52.00
63.00
108.00
132.00
132.00
191.00
208.00
233.00
262.00
273.00
264.00
259.00
261.00
999999
24.00
24.00
0.00
-9.00
-26.00
-71.00
-47.00
-31.00
-34.00
26.00
52.00
71.00
161.00
170.00
169.00
263.00
224.00
240.00
999999
73.00
73.00
71.00
60.00
25.00
4.00
-21.00
-62.00
-26.00
-3.00
16.00
99.00
109.00
150.00
221.00
222.00
263.00
291.00
293.00
296.00
999999
231.00
231.00
231.00
232.00
297.00
316.00
285.00
257.00
261.00
273.00
282.00
277.00
256.00
277.00
269.00
254.00
221.00
226.00
229.00
230.00
999999
6.00
6.00
6.00
7.00
55.00
27.00
-11.00
-38.00
13.00
72.00
80.00
114.00
149.00
141.00
176.00
166.00
187.00
227.00
201.00
215.00
212.00
251.00
999999
35.00
35.00
-15.00
-6.00
29.00
-2.00
-16.00
34.00
75.00
75.00
186.00
248.00
260.00
339.00
290.00
278.00
257.00
229.00
232.00
999999
-59.00
-6.00
-6.00
-73.00
-104.00
-121.00
-109.00
-83.00
-27.00
-39.00
26.00
94.00
60.00
91.00
131.00
104.00
170.00
165.00
138.00
185.00
193.00
999999
-100.00
-100.00
-137.00
-146.00
-129.00
-119.00
-87.00
-38.00
-1.00
99.00
112.00
167.00
195.00
221.00
178.00
220.00
209.00
167.00
999999
213.00
213.00
213.00
231.00
239.00
282.00
258.00
278.00
289.00
280.00
283.00
290.00
277.00
264.00
246.00
246.00
253.00
263.00
260.00
999999
193.00
186.00
186.00
222.00
257.00
244.00
310.00
273.00
261.00
273.00
299.00
249.00
260.00
274.00
277.00
240.00
254.00
239.00
253.00
999999
245.00
245.00
236.00
249.00
242.00
250.00
257.00
283.00
289.00
296.00
277.00
246.00
260.00
258.00
259.00
224.00
271.00
234.00
210.00
241.00
230.00
217.00
247.00
263.00
999999
197.00
197.00
187.00
211.00
259.00
287.00
252.00
277.00
283.00
279.00
253.00
203.00
158.00
105.00
91.00
45.00
21.00
-24.00
-9.00
29.00
66.00
999999
-36.00
-36.00
-36.00
-140.00
-206.00
-191.00
-180.00
-138.00
-78.00
11.00
63.00
120.00
165.00
152.00
199.00
224.00
196.00
215.00
999999
108.00
108.00
108.00
82.00
96.00
56.00
46.00
23.00
31.00
44.00
68.00
76.00
135.00
115.00
140.00
188.00
184.00
231.00
226.00
999999
-33.00
-33.00
-33.00
-52.00
-66.00
-84.00
-43.00
-60.00
-45.00
-6.00
-17.00
-22.00
6.00
11.00
-4.00
52.00
52.00
56.00
85.00
91.00
80.00
114.00
100.00
999999
9.00
4.00
4.00
-2.00
60.00
133.00
133.00
151.00
154.00
161.00
88.00
69.00
35.00
4.00
-23.00
-23.00
-43.00
-100.00
-100.00
-125.00
-127.00
-79.00
-43.00
-59.00
999999
23.00
20.00
20.00
50.00
90.00
145.00
194.00
191.00
162.00
93.00
91.00
51.00
-38.00
-46.00
0.00
-122.00
-121.00
-61.00
-91.00
-105.00
-48.00
-52.00
-4.00
999999
81.00
81.00
81.00
64.00
98.00
164.00
214.00
203.00
171.00
127.00
52.00
1.00
-23.00
-70.00
-61.00
-63.00
-45.00
-63.00
-100.00
-63.00
-121.00
-76.00
-47.00
999999
59.00
32.00
32.00
71.00
120.00
154.00
141.00
125.00
101.00
93.00
10.00
32.00
29.00
-62.00
-52.00
0.00
-50.00
-89.00
-76.00
-17.00
-71.00
-60.00
-39.00
999999
30.00
30.00
36.00
52.00
47.00
122.00
134.00
139.00
151.00
68.00
154.00
45.00
32.00
29.00
76.00
-29.00
-32.00
-23.00
-65.00
-123.00
-94.00
-117.00
-111.00
999999
6.00
6.00
13.00
-3.00
-3.00
-18.00
-32.00
-33.00
-44.00
-49.00
-15.00
1.00
7.00
-7.00
32.00
28.00
67.00
55.00
81.00
120.00
85.00
117.00
139.00
115.00
999999
8.00
8.00
3.00
2.00
7.00
-40.00
-39.00
-68.00
-111.00
-67.00
-38.00
-115.00
7.00
16.00
-51.00
45.00
53.00
61.00
76.00
85.00
114.00
75.00
123.00
65.00
111.00
999999
-93.00
-93.00
-93.00
-101.00
-28.00
29.00
34.00
33.00
78.00
72.00
95.00
100.00
82.00
95.00
71.00
81.00
51.00
88.00
82.00
92.00
999999
99.00
99.00
100.00
135.00
238.00
258.00
236.00
173.00
115.00
39.00
40.00
-16.00
-76.00
-83.00
-103.00
-117.00
-74.00
-38.00
-50.00
999999
245.00
245.00
245.00
249.00
249.00
252.00
250.00
263.00
261.00
290.00
293.00
209.00
318.00
280.00
231.00
270.00
247.00
222.00
269.00
261.00
199.00
297.00
999999
236.00
236.00
231.00
241.00
245.00
224.00
237.00
258.00
261.00
290.00
262.00
277.00
276.00
273.00
231.00
210.00
261.00
221.00
240.00
272.00
272.00
999999
82.00
56.00
56.00
67.00
62.00
38.00
1.00
-14.00
-35.00
-43.00
-24.00
14.00
41.00
31.00
77.00
108.00
119.00
140.00
143.00
173.00
160.00
185.00
999999
176.00
154.00
154.00
195.00
247.00
277.00
265.00
271.00
284.00
261.00
240.00
193.00
170.00
144.00
157.00
91.00
100.00
124.00
114.00
114.00
130.00
132.00
999999
195.00
195.00
195.00
180.00
167.00
155.00
124.00
77.00
98.00
97.00
119.00
167.00
187.00
202.00
235.00
253.00
258.00
253.00
250.00
239.00
238.00
254.00
255.00
999999
89.00
89.00
89.00
73.00
56.00
102.00
115.00
153.00
190.00
226.00
257.00
269.00
268.00
287.00
250.00
255.00
244.00
251.00
253.00
235.00
999999
159.00
159.00
132.00
119.00
102.00
112.00
105.00
129.00
146.00
173.00
233.00
222.00
273.00
287.00
293.00
300.00
294.00
301.00
999999
104.00
100.00
100.00
154.00
180.00
232.00
190.00
184.00
119.00
101.00
77.00
29.00
-61.00
-123.00
-85.00
-127.00
-150.00
-87.00
999999
237.00
237.00
213.00
244.00
251.00
261.00
284.00
281.00
288.00
271.00
254.00
242.00
254.00
289.00
255.00
194.00
225.00
259.00
999999
168.00
153.00
153.00
160.00
136.00
125.00
80.00
89.00
100.00
88.00
105.00
112.00
170.00
183.00
205.00
252.00
267.00
256.00
285.00
299.00
999999
213.00
214.00
214.00
269.00
289.00
338.00
380.00
371.00
281.00
224.00
137.00
114.00
97.00
48.00
31.00
27.00
119.00
109.00
85.00
999999
109.00
132.00
132.00
179.00
247.00
271.00
296.00
283.00
252.00
234.00
176.00
114.00
45.00
-18.00
-96.00
-131.00
-87.00
999999
253.00
253.00
257.00
317.00
339.00
396.00
371.00
302.00
239.00
216.00
149.00
112.00
66.00
51.00
-63.00
-50.00
19.00
53.00
9.00
999999
285.00
285.00
285.00
246.00
218.00
210.00
189.00
193.00
170.00
161.00
162.00
237.00
221.00
247.00
258.00
999999
223.00
230.00
230.00
248.00
267.00
281.00
301.00
328.00
323.00
340.00
322.00
303.00
338.00
302.00
235.00
192.00
160.00
95.00
97.00
207.00
999999
261.00
261.00
261.00
352.00
395.00
450.00
407.00
354.00
304.00
227.00
167.00
107.00
67.00
49.00
79.00
62.00
14.00
22.00
45.00
999999
142.00
236.00
236.00
203.00
241.00
284.00
302.00
256.00
260.00
300.00
232.00
193.00
191.00
126.00
61.00
-4.00
-69.00
-129.00
-148.00
-121.00
999999
205.00
205.00
205.00
123.00
78.00
14.00
-46.00
-91.00
-109.00
-76.00
-56.00
-47.00
6.00
7.00
999999
187.00
187.00
187.00
228.00
325.00
367.00
316.00
268.00
224.00
152.00
118.00
18.00
-30.00
-47.00
-57.00
-37.00
-74.00
999999
418.00
418.00
418.00
404.00
401.00
355.00
355.00
284.00
164.00
119.00
58.00
64.00
28.00
-21.00
-2.00
-10.00
-12.00
999999
-35.00
-35.00
-35.00
-9.00
32.00
71.00
100.00
103.00
86.00
21.00
-65.00
-98.00
-192.00
-245.00
-271.00
-311.00
-271.00
999999
203.00
203.00
203.00
229.00
268.00
414.00
434.00
343.00
344.00
360.00
299.00
254.00
159.00
42.00
-32.00
-32.00
999999
172.00
183.00
183.00
249.00
277.00
285.00
241.00
215.00
191.00
199.00
136.00
107.00
81.00
5.00
-49.00
-77.00
-114.00
-97.00
-66.00
999999
135.00
135.00
133.00
148.00
121.00
228.00
171.00
122.00
118.00
77.00
29.00
21.00
-16.00
-43.00
-44.00
-118.00
-198.00
-145.00
-130.00
999999
189.00
189.00
202.00
246.00
250.00
312.00
360.00
394.00
380.00
319.00
270.00
249.00
198.00
157.00
116.00
59.00
23.00
9.00
999999
134.00
134.00
134.00
173.00
222.00
207.00
249.00
246.00
229.00
185.00
162.00
124.00
63.00
30.00
-33.00
-99.00
-148.00
-192.00
-152.00
999999
81.00
104.00
104.00
122.00
130.00
164.00
182.00
207.00
198.00
221.00
189.00
178.00
157.00
147.00
136.00
37.00
26.00
-12.00
-106.00
-101.00
999999
169.00
205.00
205.00
166.00
238.00
251.00
249.00
231.00
234.00
224.00
-354.00
260.00
397.00
-51.00
-27.00
126.00
79.00
51.00
-2.00
-132.00
-130.00
-114.00
-145.00
-192.00
-152.00
999999
174.00
174.00
161.00
168.00
226.00
322.00
390.00
389.00
359.00
344.00
329.00
306.00
292.00
251.00
212.00
216.00
155.00
171.00
999999
186.00
193.00
193.00
203.00
329.00
338.00
337.00
325.00
303.00
249.00
203.00
127.00
89.00
61.00
-18.00
-39.00
-24.00
999999
137.00
140.00
140.00
170.00
238.00
212.00
240.00
218.00
213.00
157.00
163.00
105.00
37.00
5.00
-78.00
-96.00
-78.00
999999
237.00
237.00
237.00
302.00
370.00
383.00
356.00
365.00
321.00
281.00
254.00
188.00
179.00
171.00
72.00
2.00
-33.00
-84.00
-86.00
999999
118.00
143.00
143.00
246.00
375.00
380.00
287.00
280.00
196.00
154.00
71.00
28.00
-48.00
-116.00
-177.00
-113.00
-139.00
999999
31.00
31.00
55.00
142.00
231.00
254.00
326.00
315.00
226.00
173.00
173.00
59.00
32.00
-1.00
-81.00
-183.00
-221.00
-205.00
-156.00
999999
97.00
147.00
147.00
157.00
168.00
100.00
60.00
5.00
-28.00
-66.00
-132.00
-188.00
-200.00
-183.00
-263.00
-321.00
-339.00
-338.00
-273.00
999999
122.00
122.00
107.00
214.00
235.00
265.00
322.00
279.00
268.00
207.00
170.00
145.00
112.00
47.00
27.00
27.00
-9.00
-29.00
53.00
999999
141.00
154.00
154.00
219.00
428.00
495.00
415.00
292.00
130.00
63.00
7.00
-49.00
-99.00
-140.00
-147.00
-152.00
-76.00
-28.00
999999
212.00
203.00
203.00
247.00
389.00
432.00
402.00
377.00
319.00
306.00
258.00
232.00
126.00
55.00
31.00
34.00
107.00
999999
195.00
195.00
195.00
251.00
239.00
376.00
379.00
382.00
372.00
340.00
304.00
237.00
172.00
97.00
88.00
89.00
114.00
116.00
999999
169.00
148.00
148.00
192.00
244.00
282.00
361.00
368.00
353.00
297.00
253.00
271.00
253.00
260.00
193.00
154.00
110.00
-13.00
-49.00
-28.00
999999
236.00
236.00
242.00
254.00
243.00
391.00
409.00
365.00
293.00
308.00
254.00
190.00
125.00
79.00
-34.00
-127.00
-127.00
-46.00
999999
194.00
194.00
194.00
268.00
290.00
341.00
404.00
282.00
216.00
194.00
106.00
36.00
-68.00
-91.00
-132.00
-207.00
-231.00
-226.00
-180.00
-103.00
999999
151.00
151.00
176.00
204.00
335.00
363.00
393.00
369.00
345.00
350.00
320.00
291.00
232.00
178.00
151.00
159.00
177.00
999999
-198.00
-198.00
-218.00
-214.00
-60.00
-127.00
-127.00
-127.00
-141.00
-186.00
-189.00
-230.00
-272.00
-291.00
-317.00
-331.00
-324.00
-264.00
999999
142.00
142.00
142.00
186.00
182.00
293.00
291.00
232.00
218.00
166.00
72.00
58.00
38.00
-102.00
-94.00
-144.00
-175.00
-192.00
-163.00
999999
190.00
190.00
225.00
268.00
284.00
365.00
366.00
379.00
379.00
327.00
304.00
285.00
246.00
248.00
236.00
201.00
217.00
238.00
999999
247.00
247.00
247.00
253.00
236.00
287.00
316.00
313.00
320.00
282.00
284.00
302.00
250.00
227.00
196.00
193.00
209.00
134.00
999999
147.00
147.00
124.00
174.00
273.00
329.00
346.00
361.00
382.00
359.00
301.00
281.00
270.00
211.00
193.00
163.00
122.00
111.00
157.00
999999
266.00
266.00
266.00
287.00
329.00
392.00
367.00
358.00
302.00
278.00
271.00
239.00
256.00
197.00
162.00
117.00
80.00
101.00
92.00
999999
211.00
211.00
211.00
225.00
272.00
319.00
367.00
345.00
334.00
316.00
267.00
245.00
254.00
236.00
208.00
176.00
127.00
80.00
75.00
999999
106.00
106.00
106.00
63.00
74.00
18.00
28.00
28.00
40.00
38.00
26.00
25.00
999999
83.00
83.00
83.00
92.00
197.00
392.00
389.00
316.00
262.00
216.00
132.00
64.00
24.00
-58.00
-141.00
-156.00
-176.00
999999
123.00
123.00
117.00
171.00
303.00
251.00
265.00
292.00
231.00
135.00
137.00
66.00
42.00
42.00
-68.00
-87.00
-74.00
-124.00
999999
301.00
298.00
298.00
317.00
375.00
329.00
336.00
307.00
274.00
248.00
311.00
310.00
293.00
179.00
99.00
44.00
-4.00
-12.00
999999
221.00
221.00
221.00
288.00
280.00
328.00
358.00
322.00
301.00
303.00
273.00
236.00
239.00
249.00
155.00
143.00
149.00
70.00
3.00
999999
271.00
271.00
232.00
256.00
277.00
301.00
330.00
287.00
279.00
275.00
273.00
281.00
296.00
238.00
266.00
244.00
245.00
230.00
207.00
204.00
999999
252.00
252.00
252.00
287.00
329.00
339.00
368.00
332.00
305.00
273.00
251.00
213.00
197.00
170.00
153.00
90.00
72.00
37.00
5.00
-12.00
999999
-39.00
-39.00
-39.00
-92.00
-64.00
-72.00
-41.00
-5.00
12.00
63.00
92.00
138.00
169.00
194.00
208.00
230.00
222.00
999999
19.00
19.00
19.00
-61.00
-41.00
-43.00
4.00
-3.00
28.00
63.00
75.00
127.00
142.00
194.00
201.00
207.00
210.00
222.00
999999
-79.00
-79.00
-83.00
-72.00
-72.00
-26.00
10.00
28.00
82.00
124.00
126.00
171.00
169.00
185.00
189.00
196.00
182.00
190.00
219.00
999999
-53.00
-76.00
-76.00
-53.00
-58.00
-25.00
-34.00
0.00
12.00
43.00
59.00
88.00
100.00
129.00
156.00
167.00
204.00
233.00
267.00
999999
140.00
140.00
140.00
177.00
220.00
242.00
265.00
201.00
268.00
229.00
223.00
200.00
190.00
172.00
170.00
999999
-13.00
-13.00
-5.00
-14.00
-38.00
-29.00
-1.00
29.00
65.00
87.00
132.00
158.00
191.00
199.00
278.00
227.00
275.00
999999
30.00
30.00
-7.00
-13.00
-51.00
-5.00
8.00
32.00
73.00
83.00
116.00
153.00
163.00
183.00
190.00
231.00
256.00
999999
-9.00
37.00
37.00
-25.00
0.00
-12.00
5.00
21.00
75.00
96.00
119.00
177.00
175.00
214.00
240.00
256.00
282.00
264.00
999999
229.00
229.00
229.00
264.00
254.00
242.00
272.00
249.00
225.00
247.00
250.00
238.00
204.00
225.00
999999
-36.00
-36.00
-36.00
-38.00
-79.00
-74.00
-74.00
-67.00
-34.00
57.00
71.00
89.00
147.00
162.00
227.00
216.00
207.00
290.00
999999
48.00
48.00
48.00
9.00
22.00
1.00
24.00
12.00
36.00
51.00
83.00
102.00
136.00
128.00
169.00
192.00
195.00
243.00
999999
83.00
83.00
83.00
67.00
29.00
0.00
-45.00
-24.00
-35.00
4.00
20.00
65.00
97.00
126.00
150.00
192.00
211.00
225.00
245.00
268.00
999999
-43.00
-39.00
-39.00
-59.00
-90.00
-67.00
-77.00
-29.00
22.00
48.00
93.00
151.00
169.00
200.00
234.00
220.00
222.00
232.00
255.00
999999
-5.00
-12.00
-12.00
-17.00
17.00
-5.00
15.00
51.00
83.00
93.00
150.00
164.00
195.00
235.00
263.00
299.00
315.00
999999
1.00
-22.00
-22.00
12.00
16.00
-16.00
27.00
116.00
124.00
159.00
159.00
158.00
183.00
187.00
199.00
241.00
249.00
268.00
278.00
311.00
999999
-37.00
-37.00
-37.00
-58.00
-58.00
-13.00
-32.00
8.00
29.00
45.00
70.00
113.00
128.00
153.00
190.00
212.00
245.00
264.00
276.00
308.00
285.00
999999
-84.00
-101.00
-101.00
-79.00
-40.00
-13.00
9.00
30.00
56.00
85.00
115.00
137.00
163.00
187.00
180.00
243.00
265.00
254.00
999999
-36.00
-36.00
-36.00
-67.00
-42.00
3.00
18.00
41.00
61.00
110.00
144.00
147.00
184.00
213.00
227.00
244.00
237.00
247.00
999999
79.00
79.00
79.00
113.00
152.00
182.00
203.00
219.00
226.00
245.00
245.00
227.00
193.00
166.00
155.00
164.00
198.00
195.00
999999
-18.00
-34.00
-34.00
-47.00
-1.00
29.00
23.00
38.00
36.00
52.00
95.00
114.00
123.00
165.00
170.00
195.00
214.00
267.00
282.00
999999
-18.00
-47.00
-47.00
-42.00
-56.00
-58.00
-2.00
8.00
13.00
71.00
111.00
110.00
138.00
176.00
197.00
211.00
234.00
232.00
236.00
290.00
999999
-37.00
-37.00
-32.00
-13.00
28.00
45.00
89.00
104.00
137.00
123.00
157.00
179.00
190.00
209.00
238.00
261.00
259.00
278.00
314.00
999999
-17.00
-17.00
-41.00
-63.00
4.00
21.00
41.00
57.00
112.00
158.00
160.00
201.00
217.00
234.00
226.00
218.00
231.00
245.00
283.00
306.00
999999
-67.00
29.00
29.00
-1.00
51.00
91.00
119.00
141.00
190.00
217.00
207.00
219.00
254.00
284.00
264.00
280.00
296.00
295.00
999999
92.00
179.00
179.00
127.00
91.00
164.00
126.00
114.00
90.00
19.00
30.00
-12.00
-82.00
-84.00
-137.00
-168.00
-179.00
-192.00
-238.00
-207.00
999999
61.00
61.00
61.00
2.00
34.00
49.00
74.00
99.00
131.00
164.00
203.00
198.00
209.00
217.00
209.00
218.00
220.00
235.00
253.00
999999
0.00
0.00
-23.00
13.00
55.00
117.00
128.00
132.00
170.00
173.00
176.00
202.00
200.00
239.00
252.00
245.00
237.00
260.00
270.00
999999
-8.00
-8.00
-34.00
-6.00
43.00
54.00
3.00
71.00
122.00
155.00
195.00
219.00
256.00
235.00
243.00
248.00
255.00
275.00
999999
-44.00
-64.00
-64.00
-37.00
-20.00
2.00
18.00
45.00
72.00
87.00
94.00
133.00
171.00
221.00
230.00
239.00
248.00
265.00
999999
-52.00
-68.00
-68.00
-45.00
-27.00
2.00
22.00
57.00
117.00
152.00
159.00
175.00
185.00
215.00
205.00
209.00
247.00
295.00
999999
239.00
239.00
239.00
289.00
344.00
323.00
306.00
277.00
267.00
259.00
278.00
252.00
269.00
257.00
251.00
249.00
267.00
324.00
999999
320.00
320.00
320.00
290.00
312.00
303.00
267.00
270.00
260.00
271.00
224.00
244.00
222.00
214.00
207.00
223.00
228.00
240.00
251.00
210.00
218.00
999999
233.00
233.00
229.00
291.00
338.00
343.00
328.00
292.00
287.00
266.00
251.00
244.00
249.00
260.00
284.00
239.00
200.00
263.00
223.00
999999
-53.00
18.00
18.00
-73.00
-86.00
-93.00
-48.00
-30.00
18.00
43.00
73.00
105.00
138.00
179.00
203.00
248.00
256.00
261.00
999999
4.00
4.00
4.00
-5.00
-25.00
-3.00
15.00
51.00
60.00
100.00
121.00
143.00
155.00
189.00
187.00
207.00
222.00
239.00
258.00
283.00
999999
245.00
239.00
239.00
272.00
322.00
307.00
313.00
295.00
304.00
278.00
271.00
259.00
256.00
290.00
258.00
253.00
257.00
256.00
257.00
999999
199.00
184.00
184.00
217.00
294.00
300.00
317.00
308.00
283.00
288.00
279.00
273.00
271.00
258.00
253.00
259.00
255.00
261.00
252.00
999999
169.00
169.00
178.00
203.00
232.00
294.00
301.00
319.00
315.00
315.00
310.00
291.00
283.00
266.00
232.00
241.00
246.00
246.00
196.00
198.00
999999
183.00
183.00
183.00
197.00
253.00
316.00
308.00
336.00
347.00
318.00
306.00
286.00
258.00
237.00
223.00
225.00
237.00
999999
-73.00
-75.00
-75.00
-43.00
-36.00
7.00
22.00
4.00
33.00
63.00
62.00
95.00
151.00
178.00
195.00
249.00
338.00
999999
-148.00
-148.00
-157.00
-107.00
-49.00
-58.00
17.00
57.00
92.00
123.00
157.00
109.00
99.00
142.00
193.00
213.00
245.00
225.00
999999
223.00
223.00
213.00
263.00
296.00
301.00
307.00
279.00
269.00
276.00
294.00
285.00
275.00
222.00
271.00
250.00
224.00
246.00
234.00
228.00
999999
253.00
232.00
232.00
276.00
263.00
262.00
254.00
258.00
253.00
271.00
251.00
243.00
261.00
271.00
290.00
252.00
255.00
265.00
259.00
999999
105.00
105.00
105.00
109.00
183.00
167.00
201.00
193.00
193.00
188.00
199.00
255.00
254.00
280.00
254.00
295.00
283.00
270.00
263.00
297.00
999999
266.00
271.00
271.00
311.00
315.00
293.00
265.00
257.00
274.00
243.00
241.00
266.00
291.00
284.00
286.00
290.00
281.00
257.00
999999
280.00
280.00
280.00
236.00
327.00
301.00
322.00
303.00
273.00
262.00
275.00
267.00
269.00
229.00
269.00
272.00
255.00
253.00
263.00
999999
224.00
224.00
224.00
344.00
358.00
349.00
312.00
282.00
288.00
268.00
268.00
263.00
239.00
251.00
226.00
226.00
236.00
233.00
999999
293.00
293.00
301.00
304.00
344.00
334.00
325.00
277.00
282.00
248.00
275.00
262.00
233.00
255.00
270.00
243.00
263.00
251.00
999999
252.00
252.00
261.00
314.00
376.00
375.00
354.00
316.00
320.00
304.00
249.00
228.00
225.00
271.00
259.00
249.00
218.00
263.00
295.00
999999
204.00
226.00
226.00
250.00
298.00
298.00
299.00
300.00
295.00
241.00
236.00
284.00
260.00
223.00
255.00
275.00
247.00
257.00
274.00
999999
223.00
185.00
185.00
225.00
214.00
259.00
257.00
281.00
278.00
249.00
262.00
279.00
245.00
248.00
284.00
267.00
296.00
295.00
278.00
999999
209.00
209.00
209.00
222.00
239.00
254.00
268.00
278.00
278.00
282.00
279.00
254.00
254.00
285.00
282.00
288.00
283.00
266.00
999999
296.00
296.00
296.00
276.00
261.00
270.00
271.00
263.00
273.00
293.00
279.00
227.00
238.00
213.00
223.00
224.00
183.00
999999
175.00
175.00
156.00
205.00
232.00
268.00
294.00
282.00
287.00
266.00
269.00
257.00
260.00
265.00
273.00
281.00
287.00
329.00
999999
155.00
243.00
243.00
178.00
231.00
269.00
295.00
311.00
309.00
267.00
256.00
252.00
258.00
228.00
279.00
296.00
266.00
282.00
278.00
293.00
999999
133.00
203.00
203.00
156.00
245.00
242.00
276.00
296.00
296.00
277.00
276.00
290.00
280.00
285.00
277.00
289.00
276.00
999999
129.00
188.00
188.00
140.00
216.00
251.00
252.00
289.00
313.00
304.00
307.00
272.00
256.00
263.00
255.00
292.00
275.00
226.00
271.00
999999
208.00
208.00
208.00
212.00
270.00
296.00
317.00
307.00
306.00
298.00
299.00
294.00
298.00
283.00
279.00
271.00
273.00
219.00
229.00
254.00
999999
216.00
216.00
182.00
196.00
258.00
281.00
300.00
317.00
281.00
290.00
268.00
264.00
268.00
255.00
281.00
280.00
252.00
258.00
274.00
274.00
999999
90.00
90.00
90.00
44.00
-2.00
-22.00
-45.00
-36.00
-4.00
68.00
141.00
152.00
183.00
200.00
219.00
217.00
241.00
250.00
249.00
247.00
211.00
206.00
232.00
999999
5.00
-14.00
-14.00
-3.00
-15.00
21.00
40.00
48.00
65.00
79.00
91.00
117.00
162.00
174.00
193.00
234.00
261.00
260.00
297.00
999999
-39.00
-39.00
-80.00
-88.00
-89.00
-2.00
41.00
59.00
83.00
111.00
129.00
151.00
193.00
202.00
219.00
253.00
287.00
318.00
999999
-48.00
-40.00
-40.00
25.00
66.00
89.00
111.00
118.00
100.00
126.00
157.00
177.00
185.00
193.00
235.00
260.00
287.00
298.00
999999
-15.00
-15.00
-9.00
45.00
88.00
92.00
100.00
109.00
104.00
130.00
149.00
189.00
205.00
200.00
231.00
257.00
304.00
295.00
999999
143.00
143.00
143.00
219.00
238.00
278.00
304.00
289.00
297.00
302.00
266.00
232.00
214.00
208.00
231.00
233.00
242.00
999999
-18.00
-48.00
-48.00
-47.00
-1.00
25.00
47.00
39.00
45.00
91.00
128.00
136.00
159.00
203.00
233.00
243.00
278.00
301.00
319.00
300.00
288.00
999999
92.00
92.00
94.00
100.00
166.00
230.00
199.00
190.00
183.00
177.00
246.00
267.00
252.00
259.00
286.00
275.00
300.00
324.00
327.00
999999
103.00
86.00
86.00
78.00
142.00
131.00
132.00
125.00
153.00
139.00
159.00
235.00
248.00
225.00
266.00
286.00
311.00
304.00
999999
125.00
109.00
109.00
118.00
115.00
137.00
153.00
165.00
177.00
195.00
234.00
241.00
249.00
260.00
260.00
266.00
309.00
999999
223.00
223.00
223.00
182.00
204.00
206.00
203.00
189.00
226.00
254.00
249.00
238.00
286.00
291.00
282.00
291.00
279.00
279.00
999999
259.00
278.00
278.00
291.00
312.00
314.00
289.00
233.00
212.00
154.00
139.00
92.00
44.00
33.00
36.00
24.00
8.00
999999
173.00
173.00
175.00
212.00
252.00
322.00
348.00
339.00
303.00
235.00
203.00
135.00
98.00
62.00
55.00
31.00
999999
196.00
207.00
207.00
276.00
300.00
279.00
262.00
241.00
207.00
136.00
62.00
35.00
23.00
11.00
-22.00
-3.00
-3.00
3.00
999999
292.00
312.00
312.00
377.00
401.00
403.00
386.00
337.00
285.00
244.00
223.00
207.00
172.00
136.00
112.00
92.00
60.00
57.00
999999
282.00
271.00
271.00
312.00
319.00
332.00
318.00
279.00
226.00
174.00
118.00
86.00
47.00
-9.00
-78.00
-107.00
-134.00
-148.00
-130.00
-101.00
999999
74.00
74.00
104.00
213.00
379.00
477.00
388.00
372.00
303.00
245.00
115.00
69.00
4.00
-43.00
-67.00
-139.00
-216.00
-163.00
-45.00
999999
-20.00
-20.00
-20.00
-43.00
-11.00
23.00
79.00
121.00
128.00
158.00
190.00
208.00
257.00
274.00
271.00
285.00
273.00
296.00
999999
14.00
24.00
24.00
73.00
130.00
155.00
156.00
188.00
196.00
202.00
212.00
205.00
217.00
260.00
256.00
273.00
272.00
999999
51.00
51.00
21.00
36.00
119.00
139.00
128.00
151.00
154.00
158.00
177.00
195.00
225.00
266.00
251.00
254.00
261.00
270.00
294.00
999999
68.00
75.00
75.00
77.00
114.00
130.00
144.00
173.00
157.00
194.00
218.00
211.00
217.00
250.00
270.00
273.00
282.00
311.00
999999
-29.00
-29.00
-37.00
-40.00
-47.00
-5.00
17.00
29.00
79.00
98.00
123.00
168.00
229.00
247.00
286.00
311.00
320.00
330.00
999999
192.00
192.00
192.00
164.00
112.00
139.00
180.00
171.00
191.00
198.00
224.00
244.00
294.00
260.00
275.00
293.00
294.00
299.00
285.00
270.00
999999
-117.00
-69.00
-69.00
-18.00
4.00
35.00
73.00
126.00
161.00
210.00
246.00
263.00
298.00
339.00
274.00
333.00
266.00
267.00
266.00
999999
32.00
32.00
17.00
51.00
66.00
94.00
121.00
134.00
165.00
165.00
195.00
222.00
249.00
261.00
287.00
301.00
281.00
303.00
278.00
284.00
262.00
999999
30.00
45.00
45.00
71.00
62.00
100.00
98.00
125.00
155.00
175.00
209.00
234.00
241.00
305.00
290.00
310.00
301.00
282.00
320.00
999999
219.00
219.00
219.00
314.00
309.00
267.00
308.00
287.00
291.00
262.00
256.00
251.00
247.00
226.00
204.00
217.00
231.00
203.00
252.00
270.00
999999
95.00
95.00
78.00
119.00
146.00
159.00
164.00
212.00
243.00
269.00
278.00
274.00
310.00
303.00
317.00
308.00
298.00
294.00
257.00
999999
360.00
360.00
360.00
353.00
344.00
301.00
244.00
188.00
136.00
59.00
3.00
-9.00
-44.00
-96.00
-128.00
-144.00
-136.00
-94.00
-50.00
999999
83.00
83.00
80.00
84.00
127.00
142.00
202.00
197.00
223.00
249.00
260.00
265.00
261.00
288.00
269.00
271.00
263.00
262.00
999999
177.00
177.00
190.00
154.00
163.00
156.00
214.00
252.00
268.00
280.00
287.00
284.00
272.00
265.00
260.00
254.00
252.00
262.00
291.00
308.00
290.00
256.00
238.00
999999
293.00
293.00
293.00
319.00
363.00
382.00
357.00
340.00
329.00
281.00
289.00
254.00
233.00
210.00
212.00
189.00
182.00
174.00
168.00
999999
187.00
222.00
222.00
300.00
296.00
275.00
272.00
221.00
200.00
174.00
140.00
122.00
138.00
103.00
71.00
-13.00
-116.00
-115.00
-119.00
-114.00
-15.00
999999
303.00
303.00
303.00
282.00
282.00
280.00
264.00
249.00
223.00
211.00
174.00
176.00
196.00
215.00
226.00
239.00
211.00
999999
132.00
132.00
144.00
200.00
285.00
343.00
412.00
402.00
384.00
349.00
327.00
267.00
263.00
240.00
205.00
174.00
138.00
117.00
145.00
222.00
999999
303.00
283.00
283.00
381.00
342.00
394.00
355.00
318.00
290.00
272.00
268.00
273.00
263.00
240.00
236.00
198.00
190.00
172.00
188.00
227.00
999999
198.00
293.00
293.00
310.00
388.00
413.00
416.00
353.00
324.00
291.00
257.00
223.00
235.00
219.00
200.00
144.00
86.00
87.00
999999
26.00
26.00
26.00
-7.00
-18.00
-20.00
7.00
29.00
72.00
98.00
118.00
139.00
191.00
198.00
222.00
251.00
253.00
261.00
271.00
309.00
999999
262.00
262.00
262.00
278.00
305.00
295.00
278.00
297.00
275.00
247.00
243.00
224.00
217.00
204.00
226.00
224.00
234.00
254.00
227.00
999999
11.00
5.00
5.00
52.00
49.00
13.00
36.00
31.00
71.00
87.00
132.00
175.00
194.00
235.00
277.00
327.00
322.00
377.00
374.00
999999
220.00
265.00
265.00
227.00
257.00
325.00
335.00
334.00
306.00
276.00
295.00
269.00
285.00
255.00
238.00
232.00
208.00
236.00
999999
275.00
275.00
286.00
332.00
371.00
351.00
360.00
354.00
323.00
313.00
262.00
253.00
254.00
237.00
216.00
202.00
210.00
184.00
999999
245.00
245.00
245.00
193.00
290.00
275.00
314.00
319.00
322.00
313.00
278.00
242.00
263.00
246.00
243.00
242.00
254.00
246.00
235.00
999999
196.00
196.00
170.00
194.00
228.00
265.00
288.00
279.00
257.00
267.00
252.00
253.00
245.00
252.00
275.00
271.00
265.00
269.00
237.00
245.00
270.00
999999
226.00
226.00
206.00
247.00
274.00
288.00
318.00
339.00
287.00
296.00
285.00
245.00
256.00
253.00
244.00
254.00
238.00
239.00
228.00
222.00
999999
255.00
255.00
255.00
298.00
365.00
370.00
342.00
296.00
283.00
280.00
264.00
259.00
260.00
245.00
229.00
213.00
218.00
170.00
177.00
200.00
999999
112.00
112.00
85.00
61.00
60.00
35.00
61.00
33.00
78.00
106.00
153.00
176.00
202.00
237.00
238.00
248.00
263.00
286.00
303.00
309.00
304.00
999999
100.00
100.00
88.00
94.00
91.00
119.00
149.00
171.00
206.00
195.00
225.00
238.00
229.00
259.00
287.00
284.00
293.00
292.00
314.00
999999
20.00
20.00
-26.00
8.00
79.00
98.00
139.00
120.00
148.00
191.00
174.00
179.00
196.00
215.00
247.00
280.00
291.00
283.00
271.00
310.00
280.00
999999
232.00
232.00
232.00
260.00
294.00
352.00
359.00
311.00
268.00
253.00
249.00
208.00
184.00
255.00
187.00
101.00
78.00
177.00
999999
258.00
258.00
258.00
221.00
157.00
127.00
106.00
71.00
32.00
1.00
0.00
46.00
78.00
56.00
55.00
72.00
7.00
999999
42.00
42.00
5.00
5.00
13.00
36.00
37.00
65.00
101.00
114.00
150.00
190.00
210.00
236.00
243.00
256.00
283.00
296.00
999999
64.00
47.00
47.00
59.00
73.00
82.00
81.00
140.00
165.00
145.00
189.00
202.00
193.00
200.00
263.00
271.00
303.00
335.00
999999
28.00
28.00
-8.00
30.00
46.00
49.00
103.00
110.00
119.00
143.00
178.00
194.00
223.00
203.00
217.00
241.00
275.00
291.00
287.00
999999
96.00
96.00
81.00
51.00
87.00
141.00
153.00
157.00
175.00
214.00
227.00
234.00
281.00
249.00
269.00
271.00
262.00
268.00
277.00
282.00
270.00
258.00
999999
163.00
96.00
96.00
168.00
208.00
220.00
291.00
294.00
282.00
306.00
326.00
310.00
303.00
317.00
284.00
224.00
166.00
126.00
87.00
51.00
87.00
131.00
999999
59.00
59.00
29.00
15.00
24.00
39.00
51.00
96.00
107.00
125.00
183.00
213.00
210.00
248.00
268.00
241.00
275.00
246.00
248.00
272.00
244.00
266.00
282.00
999999
10.00
10.00
-11.00
13.00
27.00
36.00
82.00
86.00
111.00
145.00
176.00
221.00
225.00
255.00
270.00
257.00
284.00
301.00
319.00
999999
127.00
192.00
192.00
203.00
243.00
263.00
290.00
308.00
316.00
315.00
281.00
303.00
270.00
266.00
296.00
245.00
226.00
227.00
270.00
999999
-64.00
-101.00
-101.00
-15.00
-38.00
1.00
24.00
46.00
92.00
137.00
160.00
217.00
219.00
253.00
256.00
314.00
407.00
999999
43.00
43.00
4.00
-30.00
-23.00
15.00
44.00
94.00
106.00
172.00
245.00
222.00
232.00
244.00
231.00
250.00
269.00
273.00
265.00
999999
45.00
45.00
35.00
23.00
-35.00
-80.00
-47.00
6.00
57.00
76.00
115.00
148.00
165.00
188.00
218.00
218.00
268.00
295.00
293.00
999999
254.00
254.00
254.00
232.00
253.00
251.00
213.00
224.00
231.00
219.00
229.00
247.00
185.00
170.00
219.00
198.00
204.00
999999
74.00
74.00
59.00
26.00
-2.00
-21.00
-13.00
22.00
64.00
114.00
137.00
208.00
201.00
195.00
187.00
202.00
229.00
271.00
311.00
299.00
286.00
999999
-10.00
-42.00
-42.00
-45.00
-19.00
15.00
35.00
65.00
123.00
170.00
205.00
280.00
241.00
196.00
208.00
236.00
224.00
263.00
259.00
999999
5.00
5.00
5.00
-98.00
-104.00
-66.00
-29.00
-10.00
51.00
90.00
121.00
134.00
135.00
215.00
238.00
236.00
247.00
275.00
269.00
269.00
999999
106.00
106.00
106.00
184.00
205.00
239.00
254.00
254.00
269.00
266.00
267.00
227.00
218.00
240.00
220.00
236.00
242.00
999999
-32.00
-32.00
-32.00
-71.00
-100.00
-19.00
20.00
81.00
133.00
178.00
204.00
197.00
207.00
228.00
240.00
264.00
293.00
276.00
999999
-50.00
-50.00
-50.00
-7.00
43.00
91.00
102.00
126.00
176.00
199.00
221.00
220.00
220.00
205.00
235.00
262.00
278.00
999999
28.00
26.00
26.00
31.00
-9.00
-22.00
51.00
65.00
84.00
133.00
179.00
207.00
245.00
253.00
271.00
282.00
332.00
323.00
293.00
999999
-70.00
-113.00
-113.00
-28.00
37.00
9.00
94.00
147.00
196.00
269.00
238.00
208.00
218.00
259.00
274.00
305.00
318.00
333.00
999999
-60.00
-60.00
-72.00
-50.00
-37.00
-12.00
1.00
64.00
106.00
188.00
193.00
193.00
200.00
212.00
276.00
272.00
257.00
303.00
323.00
310.00
999999
127.00
127.00
127.00
109.00
24.00
3.00
-14.00
-15.00
23.00
88.00
198.00
254.00
274.00
289.00
323.00
302.00
327.00
340.00
282.00
999999
-5.00
-5.00
-19.00
-11.00
-54.00
-46.00
17.00
47.00
94.00
161.00
203.00
240.00
247.00
240.00
244.00
287.00
264.00
262.00
256.00
294.00
272.00
999999
-118.00
-118.00
-137.00
-115.00
-13.00
-10.00
62.00
113.00
195.00
239.00
230.00
234.00
251.00
238.00
245.00
294.00
300.00
308.00
999999
-73.00
-73.00
-73.00
-66.00
-6.00
20.00
74.00
138.00
195.00
228.00
232.00
262.00
259.00
254.00
247.00
254.00
259.00
263.00
999999
-57.00
-83.00
-83.00
-49.00
-23.00
15.00
35.00
89.00
175.00
235.00
242.00
239.00
247.00
236.00
256.00
229.00
256.00
279.00
287.00
999999
-45.00
-45.00
-88.00
-80.00
-118.00
-65.00
-31.00
47.00
157.00
165.00
176.00
199.00
209.00
260.00
256.00
289.00
300.00
319.00
999999
-30.00
-30.00
-30.00
-20.00
-42.00
-48.00
5.00
57.00
110.00
145.00
190.00
233.00
247.00
252.00
222.00
257.00
218.00
246.00
251.00
247.00
259.00
296.00
999999
-126.00
-126.00
-113.00
-37.00
3.00
33.00
82.00
125.00
168.00
234.00
246.00
255.00
228.00
216.00
213.00
218.00
225.00
250.00
239.00
999999
136.00
136.00
136.00
137.00
175.00
204.00
231.00
241.00
240.00
237.00
247.00
242.00
237.00
246.00
231.00
243.00
253.00
253.00
280.00
241.00
999999
-60.00
-60.00
-79.00
-98.00
-137.00
-112.00
-81.00
-4.00
47.00
112.00
144.00
210.00
242.00
227.00
241.00
211.00
226.00
265.00
277.00
999999
-85.00
-17.00
-17.00
-115.00
-78.00
-80.00
-38.00
-20.00
37.00
107.00
195.00
217.00
244.00
260.00
226.00
234.00
250.00
243.00
233.00
254.00
999999
-115.00
-141.00
-141.00
-70.00
-47.00
-5.00
50.00
106.00
168.00
205.00
236.00
251.00
264.00
262.00
259.00
286.00
306.00
276.00
282.00
299.00
999999
-68.00
-68.00
-86.00
-68.00
-64.00
-66.00
-56.00
-25.00
27.00
72.00
109.00
178.00
191.00
202.00
195.00
219.00
232.00
271.00
286.00
290.00
294.00
999999
-44.00
-44.00
-44.00
-16.00
16.00
63.00
132.00
158.00
193.00
234.00
261.00
260.00
261.00
249.00
230.00
261.00
252.00
257.00
268.00
244.00
249.00
999999
-53.00
-53.00
-56.00
-43.00
27.00
88.00
106.00
174.00
229.00
246.00
285.00
245.00
266.00
270.00
257.00
254.00
281.00
279.00
254.00
242.00
999999
-99.00
-123.00
-123.00
-125.00
-105.00
-71.00
-13.00
35.00
65.00
101.00
136.00
154.00
186.00
200.00
204.00
212.00
229.00
274.00
307.00
242.00
999999
73.00
73.00
73.00
69.00
88.00
149.00
188.00
206.00
244.00
247.00
241.00
256.00
234.00
239.00
259.00
267.00
272.00
261.00
259.00
999999
73.00
73.00
46.00
16.00
73.00
103.00
135.00
176.00
245.00
268.00
305.00
308.00
305.00
304.00
297.00
288.00
273.00
262.00
999999
-17.00
-17.00
-17.00
24.00
28.00
68.00
91.00
163.00
180.00
225.00
209.00
223.00
232.00
216.00
235.00
258.00
272.00
295.00
999999
-27.00
-58.00
-58.00
-65.00
-111.00
-26.00
67.00
131.00
182.00
205.00
231.00
238.00
229.00
223.00
230.00
241.00
249.00
259.00
261.00
999999
44.00
44.00
44.00
21.00
7.00
7.00
57.00
86.00
126.00
140.00
190.00
232.00
233.00
260.00
246.00
231.00
237.00
256.00
254.00
246.00
264.00
999999
22.00
13.00
13.00
33.00
29.00
47.00
81.00
88.00
109.00
164.00
197.00
213.00
210.00
212.00
224.00
237.00
211.00
215.00
220.00
257.00
233.00
999999
10.00
-42.00
-42.00
-57.00
-94.00
-28.00
15.00
74.00
135.00
205.00
241.00
252.00
244.00
238.00
243.00
230.00
247.00
259.00
246.00
999999
29.00
29.00
8.00
31.00
2.00
-15.00
23.00
62.00
99.00
165.00
192.00
212.00
212.00
236.00
208.00
214.00
235.00
234.00
282.00
281.00
279.00
999999
32.00
32.00
-3.00
-8.00
23.00
76.00
109.00
153.00
158.00
165.00
202.00
240.00
253.00
244.00
245.00
282.00
300.00
270.00
288.00
284.00
302.00
999999
